##FastQC	0.10.1
>>Basic Statistics	pass
#Measure	Value	
Filename	C2AFAACXX_Pc2_7d_13s004129-1-1_Hejnol_lane213s004129_sequence.txt.gz	
File type	Conventional base calls	
Encoding	Sanger / Illumina 1.9	
Total Sequences	17112976	
Filtered Sequences	0	
Sequence length	52	
%GC	46	
>>END_MODULE
>>Per base sequence quality	pass
#Base	Mean	Median	Lower Quartile	Upper Quartile	10th Percentile	90th Percentile
1	31.824846771245397	31.0	31.0	34.0	30.0	34.0
2	31.91321404295781	33.0	31.0	34.0	30.0	34.0
3	31.963068784763095	34.0	31.0	34.0	30.0	34.0
4	35.49691158335055	37.0	35.0	37.0	33.0	37.0
5	35.49889931476559	37.0	35.0	37.0	33.0	37.0
6	35.31180216696383	37.0	35.0	37.0	32.0	37.0
7	35.334250103547156	37.0	35.0	37.0	32.0	37.0
8	35.32137560410299	37.0	35.0	37.0	32.0	37.0
9	36.9093660857118	39.0	37.0	39.0	32.0	39.0
10	36.859036616424866	39.0	37.0	39.0	32.0	39.0
11	36.88954276567676	39.0	37.0	39.0	32.0	39.0
12	36.878827037448076	39.0	37.0	39.0	32.0	39.0
13	36.84965291834688	39.0	37.0	39.0	32.0	39.0
14	38.08290194528409	40.0	37.0	41.0	33.0	41.0
15	38.03518639890572	40.0	37.0	41.0	33.0	41.0
16	38.01014107657254	40.0	37.0	41.0	33.0	41.0
17	38.00995273995593	40.0	37.0	41.0	33.0	41.0
18	37.99362805160248	40.0	37.0	41.0	33.0	41.0
19	38.04783679939714	40.0	37.0	41.0	33.0	41.0
20	37.96645276660237	40.0	37.0	41.0	32.0	41.0
21	37.941231729653566	40.0	37.0	41.0	32.0	41.0
22	37.8568446540216	40.0	37.0	41.0	32.0	41.0
23	37.85982741984795	40.0	37.0	41.0	32.0	41.0
24	37.84008742839352	40.0	37.0	41.0	32.0	41.0
25	37.81803480586895	40.0	37.0	41.0	32.0	41.0
26	37.68767302659689	40.0	37.0	41.0	32.0	41.0
27	37.598318842964545	40.0	37.0	41.0	32.0	41.0
28	37.47583301700417	40.0	37.0	41.0	31.0	41.0
29	37.40487954871204	40.0	36.0	41.0	31.0	41.0
30	37.28059356829578	40.0	36.0	41.0	31.0	41.0
31	37.25664694440055	39.0	36.0	41.0	31.0	41.0
32	37.185966426879816	39.0	36.0	41.0	31.0	41.0
33	37.15178552228438	39.0	36.0	41.0	31.0	41.0
34	36.98017732275205	39.0	36.0	41.0	30.0	41.0
35	36.94687861421649	39.0	36.0	41.0	30.0	41.0
36	36.87582878629643	39.0	36.0	41.0	30.0	41.0
37	36.82777799723438	39.0	36.0	41.0	30.0	41.0
38	36.632406134385974	39.0	35.0	41.0	30.0	41.0
39	36.502267168492494	39.0	35.0	41.0	30.0	41.0
40	36.404781143852475	39.0	35.0	41.0	30.0	41.0
41	36.28392460785313	39.0	35.0	41.0	30.0	41.0
42	36.15994757428515	39.0	35.0	40.0	29.0	41.0
43	36.05136038290476	38.0	35.0	40.0	29.0	41.0
44	35.90743544547716	38.0	35.0	40.0	29.0	41.0
45	35.76601451436618	38.0	34.0	40.0	28.0	41.0
46	35.62081212525513	38.0	34.0	40.0	28.0	41.0
47	35.403190421116705	38.0	34.0	40.0	28.0	41.0
48	35.11225750564952	38.0	34.0	40.0	27.0	41.0
49	34.899895669812196	38.0	34.0	40.0	27.0	41.0
50	34.70311709664058	38.0	33.0	40.0	26.0	41.0
51	34.44438167855784	38.0	33.0	40.0	26.0	41.0
52	34.17255303811564	37.0	33.0	40.0	26.0	41.0
>>END_MODULE
>>Per sequence quality scores	pass
#Quality	Count
2	10879.0
3	84.0
4	169.0
5	269.0
6	412.0
7	432.0
8	580.0
9	831.0
10	1192.0
11	1803.0
12	2884.0
13	4762.0
14	7307.0
15	9874.0
16	12708.0
17	15733.0
18	19339.0
19	23299.0
20	28993.0
21	35611.0
22	43410.0
23	55411.0
24	72459.0
25	97327.0
26	131039.0
27	176596.0
28	235516.0
29	306181.0
30	389030.0
31	483631.0
32	589830.0
33	719100.0
34	888160.0
35	1111907.0
36	1434849.0
37	1934222.0
38	2911529.0
39	5306558.0
40	49060.0
>>END_MODULE
>>Per base sequence content	fail
#Base	G	A	T	C
1	31.030107331404526	13.613975792198591	16.99115494296439	38.36476193343249
2	23.966202037405814	23.96711954558917	30.494629246046706	21.57204917095831
3	24.124957755835712	23.844251383735614	27.214860876080415	24.815929984348255
4	25.45445631431961	27.89042653948676	19.998304210793027	26.6568129354006
5	28.857214772680322	30.339295986294	21.563801274978825	19.23968796604685
6	25.16264877220944	34.45292317826158	21.595797267808003	18.788630781720975
7	18.60423926265075	21.183714626842228	39.566472833246536	20.645573277260485
8	20.210686907993093	28.29561030179672	25.9827747085019	25.51092808170829
9	25.181166618827728	22.105810234292385	29.647455825333946	23.06556732154594
10	22.022762646539686	39.21413267409527	21.374985865748126	17.388118813616916
11	28.75591013509281	26.683126301351678	19.25708304622177	25.30388051733375
12	23.252957288083614	22.201673163101496	26.010619076424813	28.534750472390076
13	20.801789957243145	29.071909927597517	28.028241532031178	22.09805858312816
14	21.004523117428555	26.76902603030589	26.822465011345777	25.40398584091978
15	21.443558385169244	29.784007176776267	25.3290076489326	23.443426789121894
16	21.982050345889576	26.85097554043201	24.94360419835802	26.2233699153204
17	26.142507299723906	25.408660656100963	24.903435848913713	23.54539619526142
18	22.824107273918926	25.419249112486337	30.022358472307797	21.73428514128694
19	21.858886496422365	24.98402966263729	26.938552359332473	26.218531481607876
20	21.876083972770136	25.547391640121507	29.89205384265133	22.684470544457024
21	26.22167020346293	25.65141768409821	26.860251113995865	21.26666099844299
22	23.076365675504753	30.015952199268202	25.11815134475205	21.789530780474994
23	21.953602671377638	31.21579494568096	25.289996451813618	21.540605931127786
24	21.446172142697613	27.49558784223075	25.295317427009333	25.7629225880623
25	21.99405502433305	25.48399929924365	29.224771339672944	23.29717433675036
26	21.837014304938112	25.22064325121962	27.151975855113854	25.790366588728414
27	21.767094727851124	25.249697812350764	25.21950242299445	27.76370503680366
28	21.78308217689174	29.75722323121118	25.231446095446458	23.228248496450618
29	26.318320647309484	27.085670382395715	25.115037304839788	21.48097166545501
30	23.022850735687523	26.025602098805518	29.559354155432498	21.39219301007446
31	21.45645883861603	25.00294952154641	27.287237819089583	26.253353820747975
32	21.664192223206076	29.77286367934812	25.46702819428036	23.095915903165434
33	21.499042597850895	26.90377173438448	25.59488191884334	26.002303748921285
34	21.639246148653513	30.147853885846622	25.344866959434757	22.868033006065104
35	21.943100414371155	27.033570368678774	24.87411995580649	26.149209261143586
36	21.724316097913068	25.932882743480732	28.986921970789886	23.35587918781631
37	25.923111512236485	25.283602227901476	26.586777919548133	22.206508340313906
38	23.177433277601313	29.901710083957987	25.2259998396526	21.69485679878809
39	21.576099142176407	26.944521984771892	29.65871068819834	21.82066818485336
40	21.823914634060113	30.65158040154477	25.802162466214934	21.72234249818018
41	21.466379137908092	27.061514406561717	29.799109118987083	21.67299733654311
42	21.328168415738077	30.46307783197344	26.554982822889645	21.65377092939883
43	21.84875820501893	27.353206938248565	29.157547057184924	21.640487799547582
44	22.074092479209686	25.745735233138095	26.613356009568523	25.5668162780837
45	21.779569425927534	25.671869517058493	29.63065810345336	22.91790295356061
46	21.935941249628133	25.3468733351421	26.736896923715125	25.980288491514642
47	26.78060485492781	25.157951898803265	25.26728422190827	22.794159024360656
48	23.052303144738175	25.83401430603661	29.728922998816792	21.38475955040842
49	21.939885171717375	29.79708675723146	26.28241871832722	21.980609352723942
50	22.113598298596163	26.94047383143169	29.50168990928655	21.4442379606856
51	26.29244667068201	26.11153987052524	25.92715027261366	21.66886318617909
52	23.35203299662796	25.5622172432302	25.055505188978305	26.03024457116353
>>END_MODULE
>>Per base GC content	fail
#Base	%GC
1	69.39486926483703
2	45.53825120836412
3	48.94088774018397
4	52.111269249720216
5	48.096902738727174
6	43.95127955393041
7	39.24981253991123
8	45.72161498970138
9	48.246733940373666
10	39.4108814601566
11	54.05979065242656
12	51.78770776047369
13	42.8998485403713
14	46.408508958348335
15	44.886985174291134
16	48.20542026120997
17	49.68790349498533
18	44.558392415205866
19	48.07741797803024
20	44.56055451722716
21	47.48833120190593
22	44.86589645597975
23	43.494208602505424
24	47.209094730759915
25	45.29122936108341
26	47.627380893666526
27	49.53079976465479
28	45.01133067334236
29	47.79929231276449
30	44.41504374576199
31	47.70981265936401
32	44.76010812637151
33	47.50134634677218
34	44.507279154718624
35	48.09230967551474
36	45.08019528572938
37	48.12961985255039
38	44.872290076389405
39	43.396767327029764
40	43.5462571322403
41	43.139376474451204
42	42.98193934513691
43	43.48924600456651
44	47.64090875729338
45	44.69747237948814
46	47.91622974114277
47	49.57476387928847
48	44.437062695146594
49	43.92049452444132
50	43.557836259281764
51	47.9613098568611
52	49.38227756779149
>>END_MODULE
>>Per sequence GC content	pass
#GC Content	Count
0	282.0
1	214.0
2	146.0
3	239.0
4	332.0
5	1111.5
6	1891.0
7	2726.0
8	3561.0
9	16338.5
10	29116.0
11	27684.0
12	26252.0
13	45014.5
14	73419.0
15	83061.0
16	75324.5
17	67588.0
18	74032.0
19	80476.0
20	128668.0
21	176860.0
22	168486.0
23	160112.0
24	194630.5
25	229149.0
26	252739.0
27	276329.0
28	317587.0
29	358845.0
30	387022.0
31	415199.0
32	469130.5
33	523062.0
34	557619.0
35	592176.0
36	636830.0
37	681484.0
38	696011.0
39	746474.5
40	782411.0
41	844610.5
42	906810.0
43	895174.5
44	883539.0
45	1018864.0
46	1154189.0
47	1383095.5
48	1612002.0
49	1283554.5
50	955107.0
51	948094.5
52	941082.0
53	937996.0
54	934910.0
55	917404.5
56	899899.0
57	863808.5
58	827718.0
59	777368.5
60	727019.0
61	650897.0
62	574775.0
63	520532.0
64	406016.5
65	345744.0
66	296243.0
67	246742.0
68	203583.0
69	160424.0
70	130997.0
71	101570.0
72	81424.5
73	61279.0
74	46700.0
75	32121.0
76	22061.5
77	12002.0
78	8130.5
79	4259.0
80	2926.0
81	1593.0
82	1134.0
83	675.0
84	485.5
85	296.0
86	223.5
87	151.0
88	109.5
89	49.0
90	30.0
91	23.0
92	16.0
93	12.0
94	8.0
95	8.0
96	8.0
97	5.5
98	3.0
99	2.0
100	1.0
>>END_MODULE
>>Per base N content	pass
#Base	N-Count
1	0.033197031305367344
2	0.008251048794785897
3	0.006690829228066468
4	0.0
5	0.009542466488587373
6	0.002857480779497383
7	0.0
8	0.0
9	0.0
10	0.0017004640221548843
11	0.0
12	0.0
13	9.641806311187487E-4
14	0.0
15	0.0
16	0.0
17	0.0
18	0.0
19	0.0
20	0.0
21	1.811490882707952E-4
22	0.003517798423839314
23	4.674815181181812E-5
24	1.98679645200227E-4
25	2.2205372110613606E-4
26	0.001659559389319543
27	0.006381122722313174
28	7.94718580800908E-4
29	2.8633242984738597E-4
30	2.337407590590906E-5
31	1.811490882707952E-4
32	2.1621020212965881E-4
33	0.0
34	0.0
35	3.330805816592041E-4
36	0.0
37	6.427870874124992E-5
38	7.713445048949989E-4
39	9.93398226001135E-5
40	8.765278464715897E-5
41	0.001478410301048748
42	5.025426319770448E-4
43	7.421269100126126E-4
44	0.001168703795295453
45	0.0014082880733310207
46	1.6946205031784069E-4
47	7.596574669420444E-5
48	0.001168703795295453
49	0.0017121510601078387
50	0.0030327863487917004
51	0.0017355251360137477
52	0.016735838348630887
>>END_MODULE
>>Sequence Length Distribution	pass
#Length	Count
52	1.7112976E7
>>END_MODULE
>>Sequence Duplication Levels	fail
#Total Duplicate Percentage	70.98941568390424
#Duplication Level	Relative count
1	100.0
2	30.502931343572847
3	14.35631571297059
4	8.841271379427297
5	6.383545714424148
6	5.074131498619119
7	4.028780464169776
8	3.413440573671205
9	3.1154610203982753
10++	66.54392170163283
>>END_MODULE
>>Overrepresented sequences	fail
#Sequence	Count	Percentage	Possible Source
GATCGGAAGAGCACACGTCTGAACTCCAGTCACACTGATATATCTCGTATGC	661499	3.8654819594207344	TruSeq Adapter, Index 5 (97% over 37bp)
AGATCGGAAGAGCACACGTCTGAACTCCAGTCACACTGATATATCTCGTATG	203610	1.189798898800536	TruSeq Adapter, Index 5 (97% over 37bp)
CCCCAACAAAAATTAACTTAATCAATATTATTTAACCTAATAAATAGAAACT	27571	0.16111166170045468	No Hit
CTCGTCTTTCATTAATAATTAGGCATCTTCACCTAAAATGTAAATTTAATAT	17552	0.10256544507512896	No Hit
>>END_MODULE
>>Kmer Content	fail
#Sequence	Count	Obs/Exp Overall	Obs/Exp Max	Max Obs/Exp Position
CACAC	3082295	3.9666429	47.226868	12
GAAGA	2366825	2.7723584	42.81776	6
GGAAG	1940265	2.6502619	49.556515	5
CTCGT	1912815	2.6006463	48.74816	44
GTCAC	1871480	2.5002127	48.43754	29
GTCTG	1728115	2.3966644	50.42384	17
ACACG	1808100	2.3735456	47.95976	13
TCCAG	1776645	2.3735173	48.434856	25
CACTG	1774780	2.3710258	47.54074	33
CACGT	1750855	2.339063	48.515915	14
GCACA	1775460	2.3306985	48.089558	11
CGTCT	1711725	2.3272462	49.25584	16
CTCCA	1772650	2.3216057	47.008343	24
GAGCA	1729150	2.3154433	49.746056	9
TCTCG	1702250	2.314364	48.820206	43
AGAGC	1698045	2.2737913	49.345005	8
CCAGT	1688580	2.2558665	47.60986	26
ACGTC	1663885	2.222875	48.451794	15
GATCG	1627345	2.2176738	49.35416	1
TCACA	1932755	2.2142367	41.289463	30
TGAAC	1894110	2.213496	42.35293	20
TATAT	2437860	2.2133632	32.962955	39
CGGAA	1649960	2.2094026	48.44948	4
AGCAC	1663665	2.1839416	48.358772	10
GAACT	1850350	2.162357	42.275856	21
TCGGA	1584370	2.1591094	49.31349	3
CAGTC	1609365	2.1500387	47.57502	27
CTGAA	1830290	2.1389146	42.35988	19
ATATA	2361560	2.1068146	32.230682	38
TCGTA	1748120	2.079033	42.45085	45
ATCTC	1769110	2.0626173	42.17711	42
ATCGG	1512750	2.061509	49.05882	2
AAGAG	1747470	2.0468826	42.669014	7
AACTC	1782300	2.0418699	41.275814	22
TCTGA	1716395	2.0413024	43.087612	18
TTTTT	2156005	2.0273407	5.7639737	2
CGTAT	1689675	2.009524	42.632637	46
CTGAT	1635605	1.9452189	42.19166	35
AGTCA	1625605	1.8997155	41.623394	28
AAAAT	2160875	1.8942635	5.0611954	3
ACTCC	1435125	1.8795555	46.820015	23
GATAT	1773215	1.8447318	36.829334	37
ACACT	1592230	1.8241185	40.632404	32
GTATG	1500770	1.8206669	43.24321	47
ACTGA	1551125	1.8126765	41.292072	34
TGATA	1710535	1.7795238	36.90793	36
TATCT	1626705	1.688383	36.992638	41
ATATC	1649520	1.6822989	36.372726	40
TATGC	1382155	1.643792	42.435852	48
AGATC	1028720	1.2021834	13.058248	1
>>END_MODULE
