##FastQC	0.10.1
>>Basic Statistics	pass
#Measure	Value	
Filename	C2AFAACXX_Pc2_5d_13s004128-1-1_Hejnol_lane213s004128_sequence.txt.gz	
File type	Conventional base calls	
Encoding	Sanger / Illumina 1.9	
Total Sequences	10762813	
Filtered Sequences	0	
Sequence length	52	
%GC	45	
>>END_MODULE
>>Per base sequence quality	pass
#Base	Mean	Median	Lower Quartile	Upper Quartile	10th Percentile	90th Percentile
1	31.857422125609727	31.0	31.0	34.0	30.0	34.0
2	31.93172063846134	33.0	31.0	34.0	30.0	34.0
3	31.987827531705697	34.0	31.0	34.0	30.0	34.0
4	35.532589574863	37.0	35.0	37.0	33.0	37.0
5	35.55008946081289	37.0	35.0	37.0	33.0	37.0
6	35.379447547773985	37.0	35.0	37.0	32.0	37.0
7	35.36728269830573	37.0	35.0	37.0	32.0	37.0
8	35.369445608689844	37.0	35.0	37.0	32.0	37.0
9	36.97450397029104	39.0	37.0	39.0	33.0	39.0
10	36.93518581062404	39.0	37.0	39.0	33.0	39.0
11	36.96495451514395	39.0	37.0	39.0	33.0	39.0
12	36.927948576269046	39.0	37.0	39.0	33.0	39.0
13	36.87849031661147	39.0	37.0	39.0	32.0	39.0
14	38.13636509340077	40.0	37.0	41.0	33.0	41.0
15	38.09006093481323	40.0	37.0	41.0	33.0	41.0
16	38.06498013112371	40.0	37.0	41.0	33.0	41.0
17	38.08705484337598	40.0	37.0	41.0	33.0	41.0
18	38.0392773710739	40.0	37.0	41.0	33.0	41.0
19	38.11368700729075	40.0	37.0	41.0	33.0	41.0
20	38.0337209240744	40.0	37.0	41.0	33.0	41.0
21	38.02473145264161	40.0	37.0	41.0	33.0	41.0
22	37.930361514224955	40.0	37.0	41.0	32.0	41.0
23	37.95415315680018	40.0	37.0	41.0	32.0	41.0
24	37.94594061979893	40.0	37.0	41.0	32.0	41.0
25	37.9170168616699	40.0	37.0	41.0	32.0	41.0
26	37.813940184596724	40.0	37.0	41.0	32.0	41.0
27	37.75661260675996	40.0	37.0	41.0	32.0	41.0
28	37.59991937052144	40.0	37.0	41.0	32.0	41.0
29	37.55088730055981	40.0	37.0	41.0	31.0	41.0
30	37.45510499903696	40.0	37.0	41.0	31.0	41.0
31	37.43274699653334	40.0	37.0	41.0	31.0	41.0
32	37.33736691327815	40.0	36.0	41.0	31.0	41.0
33	37.32921393319758	40.0	36.0	41.0	31.0	41.0
34	37.19605339236127	39.0	36.0	41.0	31.0	41.0
35	36.79879618831991	39.0	36.0	41.0	30.0	41.0
36	36.85896029225817	39.0	36.0	41.0	30.0	41.0
37	36.26505654237419	39.0	35.0	41.0	29.0	41.0
38	36.405153281024205	39.0	35.0	41.0	30.0	41.0
39	36.52326050819614	39.0	35.0	41.0	30.0	41.0
40	36.309882648709035	39.0	35.0	41.0	30.0	41.0
41	36.260684079524566	39.0	35.0	40.0	30.0	41.0
42	36.271569523692364	39.0	35.0	40.0	30.0	41.0
43	36.21750345379038	39.0	35.0	40.0	30.0	41.0
44	36.083194793034124	38.0	35.0	40.0	29.0	41.0
45	35.99747138596573	38.0	35.0	40.0	29.0	41.0
46	35.84471345920439	38.0	35.0	40.0	29.0	41.0
47	35.674184620693495	38.0	34.0	40.0	28.0	41.0
48	35.33117094945346	38.0	34.0	40.0	27.0	41.0
49	35.16967376465614	38.0	34.0	40.0	27.0	41.0
50	35.02271998965326	38.0	34.0	40.0	27.0	41.0
51	34.8096705758987	38.0	34.0	40.0	27.0	41.0
52	34.569504738212956	38.0	34.0	40.0	26.0	41.0
>>END_MODULE
>>Per sequence quality scores	pass
#Quality	Count
2	5257.0
3	33.0
4	87.0
5	152.0
6	218.0
7	219.0
8	350.0
9	441.0
10	649.0
11	933.0
12	1560.0
13	2530.0
14	3816.0
15	5537.0
16	7031.0
17	9130.0
18	11193.0
19	14097.0
20	16944.0
21	21106.0
22	25816.0
23	32612.0
24	42911.0
25	57040.0
26	78250.0
27	106076.0
28	141733.0
29	185210.0
30	237981.0
31	297184.0
32	365616.0
33	446371.0
34	553316.0
35	693590.0
36	893686.0
37	1201975.0
38	1836840.0
39	3429976.0
40	35347.0
>>END_MODULE
>>Per base sequence content	fail
#Base	G	A	T	C
1	33.7862591106107	15.009269312710158	17.32221982426506	33.882251752414085
2	22.82220622964179	27.23027968483363	30.655890413759234	19.291623671765347
3	22.247806820907076	24.59992769080656	30.968860494640598	22.183404993645766
4	23.14982151970865	29.397491157748444	20.784882167886778	26.667805154656126
5	28.81866464643067	31.67541351666857	21.216696607503277	18.28922522939748
6	25.45312081447043	34.60346255112763	21.57038026478354	18.373036369618397
7	17.151436153355075	22.95438934040757	40.09146121929276	19.80271328694459
8	18.860914892788717	29.849798561026752	25.709914313293375	25.579372232891163
9	26.451049553680804	22.104815906399192	29.035002280537626	22.409132259382375
10	21.060325347684213	42.099457010547596	20.74825507496302	16.091962566805172
11	29.235888424336647	26.850731309742166	19.341374787427785	24.5720054784934
12	21.967073106259488	22.330481817346453	26.531511789715196	29.170933286678864
13	19.299149971819343	31.6662488657588	28.613232996695437	20.421368165726413
14	19.487646956237185	26.9075008550274	27.289938048723876	26.314914140011535
15	20.120873604326302	31.963446730887174	25.696432707694537	22.21924695709198
16	20.583596500282965	27.33380204598928	25.392357927244486	26.690243526483272
17	26.741717058542225	25.627119973189167	25.132788240397748	22.498374727870864
18	21.248701431493792	25.670482242885758	32.35681043608209	20.724005889538358
19	20.831654326800994	25.15447402087168	27.25860794942735	26.755263702899978
20	20.35291331364765	26.206754683928818	32.00163377362405	21.438698228799478
21	26.99788735155574	25.93513357219324	26.993789902510446	20.073189173740573
22	21.587186224061007	32.637640782734955	25.41241433034977	20.36275866285426
23	20.373220549847368	33.49060955763855	25.858630719408183	20.277539173105897
24	20.105253338491845	27.665687924529635	25.508357774012957	26.720700962965566
25	20.607427773866156	25.932030288789328	31.955809987629607	21.504731949714916
26	20.42400017765163	25.942164545733544	27.378578316819567	26.255256959795265
27	20.285447503414524	25.57243606022197	25.66817928699729	28.47393714936622
28	20.28107544802979	32.41556768155449	25.78672164402852	21.5166352263872
29	26.77990375541205	27.121599637714656	25.520462311481218	20.578034295392076
30	21.479576430318847	26.192787942925687	32.100529508557706	20.227106118197757
31	20.143681888102765	25.44199448396533	27.3484772183903	27.065846409541606
32	20.179722848918228	32.083564918180166	26.023939508644318	21.71277272425729
33	20.091996395366156	27.205527030897965	26.105266346260965	26.597210227474914
34	26.410316708094804	26.284977728406133	25.927645495652484	21.377060067846575
35	21.807364893197033	32.02702688891319	25.25452804265968	20.911080175230097
36	26.599077768981026	27.44677437023202	25.174784696157037	20.779363164629917
37	21.68985888807415	25.918162218693197	31.39110402828111	21.000874864951548
38	26.71176918812209	26.04553543479964	26.981895593677407	20.260799783400863
39	27.574302874705452	26.18276997812931	25.832666143692812	20.41026100347242
40	21.67953629927666	32.66575327396095	25.07432078109013	20.580389645672263
41	20.14905015346541	27.468310419908192	32.055455301771325	20.327184124855076
42	20.01644745552697	32.5508078365408	27.038540954043476	20.394203753888757
43	20.913540358427948	27.5440197697218	31.367541721094504	20.174898150755745
44	20.571603248624186	26.397162053051694	26.81201110129326	26.21922359703086
45	20.466028564539666	25.835210582528738	31.691744919580643	22.007015933350957
46	20.971571587996383	25.71994117881527	26.79496922219696	26.513518010991387
47	27.177538350357857	25.59756948164173	25.43565075542096	21.78924141257945
48	21.522120762701235	26.38724096401886	32.03499049587399	20.055647777405916
49	20.531832635022244	32.32127005340886	26.386756253162563	20.760141058406333
50	20.521331563109204	27.446278873110924	31.980708162125097	20.05168140165477
51	26.578351276113597	26.529348424675398	26.618945409206795	20.273354890004207
52	21.853357386786193	25.878946751673375	25.463995882179713	26.80369997936072
>>END_MODULE
>>Per base GC content	fail
#Base	%GC
1	67.66851086302478
2	42.113829901407136
3	44.431211814552846
4	49.81762667436478
5	47.10788987582815
6	43.826157184088835
7	36.954149440299666
8	44.44028712567988
9	48.860181813063186
10	37.15228791448938
11	53.80789390283005
12	51.13800639293835
13	39.72051813754576
14	45.80256109624872
15	42.34012056141828
16	47.27384002676624
17	49.24009178641309
18	41.972707321032146
19	47.58691802970097
20	41.79161154244713
21	47.07107652529631
22	41.949944886915276
23	40.65075972295326
24	46.825954301457415
25	42.11215972358107
26	46.67925713744689
27	48.75938465278074
28	41.79771067441699
29	47.35793805080413
30	41.7066825485166
31	47.20952829764437
32	41.892495573175516
33	46.68920662284107
34	47.78737677594138
35	42.71844506842713
36	47.378440933610946
37	42.6907337530257
38	46.97256897152295
39	47.98456387817788
40	42.25992594494892
41	40.47623427832049
42	40.410651209415725
43	41.08843850918369
44	46.79082684565504
45	42.47304449789062
46	47.48508959898777
47	48.96677976293731
48	41.57776854010715
49	41.29197369342858
50	40.57301296476397
51	46.85170616611781
52	48.65705736614691
>>END_MODULE
>>Per sequence GC content	fail
#GC Content	Count
0	510.0
1	348.5
2	187.0
3	271.5
4	356.0
5	918.0
6	1480.0
7	2419.0
8	3358.0
9	10547.5
10	17737.0
11	17959.0
12	18181.0
13	33596.5
14	57685.0
15	66358.0
16	61167.5
17	55977.0
18	61415.5
19	66854.0
20	97262.0
21	127670.0
22	120760.5
23	113851.0
24	138956.5
25	164062.0
26	186603.0
27	209144.0
28	241858.0
29	274572.0
30	296508.0
31	318444.0
32	353849.5
33	389255.0
34	406309.5
35	423364.0
36	450789.0
37	478214.0
38	489483.5
39	524871.5
40	548990.0
41	584814.5
42	620639.0
43	606065.0
44	591491.0
45	590844.0
46	590197.0
47	584983.0
48	579769.0
49	645263.5
50	710758.0
51	947425.0
52	1184092.0
53	867123.5
54	550155.0
55	504460.0
56	458765.0
57	424917.0
58	391069.0
59	362853.5
60	334638.0
61	298256.0
62	261874.0
63	234462.5
64	181581.5
65	156112.0
66	133201.5
67	110291.0
68	93534.5
69	76778.0
70	63009.5
71	49241.0
72	39216.5
73	29192.0
74	22986.0
75	16780.0
76	12469.5
77	8159.0
78	6242.5
79	4326.0
80	3058.5
81	1791.0
82	1268.5
83	746.0
84	526.0
85	306.0
86	222.0
87	138.0
88	99.0
89	45.0
90	30.0
91	24.0
92	18.0
93	13.5
94	9.0
95	8.5
96	8.0
97	4.5
98	1.0
99	0.5
100	0.0
>>END_MODULE
>>Per base N content	pass
#Base	N-Count
1	0.033959523407124145
2	0.008157718618729137
3	0.006466710886828564
4	0.0
5	0.009607153817501057
6	0.0026572978644151856
7	0.0
8	0.0
9	0.0
10	0.001607386470432962
11	0.0
12	0.0
13	0.001031328891433866
14	0.0
15	0.0
16	0.0
17	0.0
18	0.0
19	0.0
20	0.0
21	1.7653377420940046E-4
22	0.0036793355045748725
23	7.433001019343178E-5
24	1.7653377420940046E-4
25	1.7653377420940046E-4
26	0.001635260224255499
27	0.006448128384280207
28	7.433001019343178E-4
29	2.4157253312865327E-4
30	2.7873753822536912E-5
31	8.362126146761075E-5
32	1.7653377420940046E-4
33	0.0
34	0.0
35	4.645625637089485E-4
36	0.0
37	8.362126146761075E-5
38	6.875525942892439E-4
39	5.5747507645073825E-5
40	8.362126146761075E-5
41	0.0011799889118207293
42	5.017275688056645E-4
43	8.547951172244654E-4
44	9.56998881240434E-4
45	0.0015609302140620672
46	2.229900305802953E-4
47	5.5747507645073825E-5
48	0.0011056589016272976
49	0.001663133978078036
50	0.0031032779255757764
51	0.001616677721707141
52	0.016538427268038572
>>END_MODULE
>>Sequence Length Distribution	pass
#Length	Count
52	1.0762813E7
>>END_MODULE
>>Sequence Duplication Levels	fail
#Total Duplicate Percentage	60.470248030855295
#Duplication Level	Relative count
1	100.0
2	28.035772420000384
3	12.635247706773397
4	7.497271108217316
5	5.206917022539689
6	4.016737202933798
7	3.0726363967138397
8	2.5287730519542695
9	2.0069323426339074
10++	26.500890480476453
>>END_MODULE
>>Overrepresented sequences	fail
#Sequence	Count	Percentage	Possible Source
GATCGGAAGAGCACACGTCTGAACTCCAGTCACGAGTGGATATCTCGTATGC	562491	5.226245220464204	TruSeq Adapter, Index 7 (97% over 36bp)
AGATCGGAAGAGCACACGTCTGAACTCCAGTCACGAGTGGATATCTCGTATG	109603	1.0183490134038378	TruSeq Adapter, Index 7 (97% over 36bp)
AATGATACGGCGACCACCGAGATCTACACTCTTTCCCTACACGACGCTCTTC	35302	0.32799975248106605	Illumina Single End PCR Primer 1 (100% over 52bp)
CCCCAACAAAAATTAACTTAATCAATATTATTTAACCTAATAAATAGAAACT	17022	0.15815567918907447	No Hit
GATCGGAAGAGCACACGTCTGAACTCCAGTCACGAGGGGATATCTCGTATGC	15655	0.1454545386972718	TruSeq Adapter, Index 7 (97% over 36bp)
>>END_MODULE
>>Kmer Content	fail
#Sequence	Count	Obs/Exp Overall	Obs/Exp Max	Max Obs/Exp Position
CACAC	1662150	3.6166568	72.34441	12
ACACG	1405590	3.0654206	72.0931	13
CTCGT	1329325	3.0435123	73.92026	44
GTCAC	1352355	3.021888	73.45569	29
CACGT	1346150	3.0080228	73.68319	14
GCACA	1356175	2.9576523	72.56152	11
GTCTG	1287005	2.9533741	75.36866	17
GAAGA	1650035	2.9371893	59.197815	6
CACGA	1340090	2.922573	69.8464	31
CGTCT	1259535	2.8837266	74.914795	16
TCTCG	1258195	2.880659	74.25752	43
ACGTC	1264655	2.8259192	73.48799	15
GGAAG	1286765	2.8191574	72.44476	5
TCCAG	1261480	2.8188245	73.27643	25
GAGCA	1284740	2.8082838	73.39485	9
TCACG	1228420	2.7449505	72.54058	30
AGAGC	1250015	2.7323792	72.89931	8
CTCCA	1222390	2.7252295	72.44224	24
ACGAG	1246265	2.7241824	69.781944	32
AGCAC	1246560	2.7185955	72.77897	10
CAGTC	1207590	2.6984053	72.6277	27
CCAGT	1203595	2.6894782	72.4768	26
GATCG	1170785	2.6221597	74.16363	1
GTGGA	1152510	2.5871465	68.10357	36
TGAAC	1397540	2.5431087	59.791138	20
GAGTG	1107745	2.4866583	67.97777	34
CGGAA	1131530	2.4733858	72.02411	4
ATCTC	1322260	2.4596848	60.605026	42
CGAGT	1097770	2.4586308	68.11858	33
GAACT	1347480	2.4520144	59.68518	21
AGTGG	1082010	2.4288888	67.832344	35
ATCGG	1081780	2.4228187	73.66077	2
AACTC	1330110	2.4148707	59.382812	22
ACTCC	1081585	2.4113147	72.34107	23
TCGGA	1075840	2.4095151	73.732834	3
CTGAA	1323180	2.4077957	59.735996	19
AAGAG	1327525	2.3630967	59.19109	7
TGGAT	1255745	2.3466737	56.954205	37
TCTGA	1257755	2.3450546	61.149776	18
TCGTA	1237275	2.30687	60.111504	45
TTTTT	1702785	2.259525	6.5283127	2
AGTCA	1235095	2.247507	59.237457	28
GTATG	1168640	2.1838965	60.306625	47
CGTAT	1151080	2.1461616	60.110443	46
GGATA	1159260	2.1143453	58.340076	38
TATGC	1097945	2.047093	60.238934	48
GATAT	1324390	2.010879	48.723583	39
TATCT	1248140	1.9372926	50.002857	41
ATATC	1244210	1.8848177	48.40143	40
CGACG	649070	1.7422248	6.672497	42
CGGCG	481415	1.5904267	9.17324	8
TCTTC	831910	1.5856054	5.4071894	48
GTTTT	805100	1.2833121	5.0488477	1
CCACC	475830	1.2713813	6.8957534	14
CACCG	462655	1.2390124	6.9912543	15
GCGAC	447940	1.2023546	7.2110486	10
ACGAC	541605	1.1811746	5.578938	41
AGATC	643390	1.1707792	11.785882	1
GGCGA	410950	1.105595	7.006115	9
ACCAC	507405	1.1040578	5.6720443	13
CGCTC	398835	1.0943793	6.0400496	45
ACGGC	403800	1.0838746	7.3559055	7
CGAGA	481370	1.0522157	5.6143146	18
TTTCC	543015	1.0349767	5.0297227	32
GCTCT	452000	1.0348617	5.2156143	46
GACGC	367700	0.9869753	6.0051184	43
CGACC	364525	0.9762155	6.751607	11
CACTC	405710	0.9045009	5.582942	27
TTCCC	389465	0.88964754	5.718288	33
CCGAG	325545	0.8738235	6.8320813	17
GACCA	381845	0.8327574	5.327571	12
ACCGA	378950	0.82644385	5.3453045	16
TCCCT	345910	0.79015565	5.600458	34
CCTAC	322335	0.71862245	5.3428917	36
CCCTA	312465	0.696618	5.2749643	35
TACGG	296325	0.663667	5.2864413	6
>>END_MODULE
