##FastQC	0.10.1
>>Basic Statistics	pass
#Measure	Value	
Filename	C2AFAACXX_Pc2_0d_13s004125-1-1_Hejnol_lane213s004125_sequence.txt.gz	
File type	Conventional base calls	
Encoding	Sanger / Illumina 1.9	
Total Sequences	19240372	
Filtered Sequences	0	
Sequence length	52	
%GC	47	
>>END_MODULE
>>Per base sequence quality	pass
#Base	Mean	Median	Lower Quartile	Upper Quartile	10th Percentile	90th Percentile
1	31.85174558995013	31.0	31.0	34.0	30.0	34.0
2	31.940367784988773	33.0	31.0	34.0	30.0	34.0
3	31.995779395533518	34.0	31.0	34.0	30.0	34.0
4	35.53072877177219	37.0	35.0	37.0	33.0	37.0
5	35.5365133272891	37.0	35.0	37.0	33.0	37.0
6	35.35566037912365	37.0	35.0	37.0	32.0	37.0
7	35.389376775043644	37.0	35.0	37.0	32.0	37.0
8	35.358976843067275	37.0	35.0	37.0	32.0	37.0
9	36.94389905766895	39.0	37.0	39.0	33.0	39.0
10	36.90893492080091	39.0	37.0	39.0	33.0	39.0
11	36.944056746927764	39.0	37.0	39.0	33.0	39.0
12	36.911317878885086	39.0	37.0	39.0	32.0	39.0
13	36.83993438380505	39.0	37.0	39.0	32.0	39.0
14	38.060907554178264	40.0	37.0	41.0	33.0	41.0
15	38.009568837858225	40.0	37.0	41.0	33.0	41.0
16	38.004197372067445	40.0	37.0	41.0	33.0	41.0
17	38.018829313695186	40.0	37.0	41.0	33.0	41.0
18	38.016494275682405	40.0	37.0	41.0	33.0	41.0
19	38.056213102324634	40.0	37.0	41.0	33.0	41.0
20	37.97902644501884	40.0	37.0	41.0	32.0	41.0
21	37.93522994253957	40.0	37.0	41.0	32.0	41.0
22	37.86340066605781	40.0	37.0	41.0	32.0	41.0
23	37.835057035279775	40.0	37.0	41.0	32.0	41.0
24	37.80414687408331	40.0	37.0	41.0	32.0	41.0
25	37.77804405237071	40.0	37.0	41.0	32.0	41.0
26	37.65209508423226	40.0	37.0	41.0	32.0	41.0
27	37.54703547311871	40.0	37.0	41.0	32.0	41.0
28	37.44035593490604	40.0	37.0	41.0	31.0	41.0
29	37.370607335450686	40.0	36.0	41.0	31.0	41.0
30	37.292669393294474	40.0	36.0	41.0	31.0	41.0
31	37.22899276583634	39.0	36.0	41.0	31.0	41.0
32	37.17318053933676	39.0	36.0	41.0	31.0	41.0
33	37.09924433893482	39.0	36.0	41.0	31.0	41.0
34	36.96085605829243	39.0	36.0	41.0	30.0	41.0
35	36.758890264699666	39.0	36.0	41.0	30.0	41.0
36	36.66687130581467	39.0	35.0	41.0	30.0	41.0
37	36.65990470454521	39.0	35.0	41.0	30.0	41.0
38	36.52739453270446	39.0	35.0	41.0	30.0	41.0
39	36.401449566567635	39.0	35.0	41.0	30.0	41.0
40	36.28376847391516	39.0	35.0	41.0	30.0	41.0
41	36.16776842984117	39.0	35.0	40.0	29.0	41.0
42	35.99592908078908	38.0	35.0	40.0	29.0	41.0
43	35.864247946973165	38.0	35.0	40.0	29.0	41.0
44	35.74594197035275	38.0	34.0	40.0	28.0	41.0
45	35.60164772281949	38.0	34.0	40.0	28.0	41.0
46	35.44333373595895	38.0	34.0	40.0	28.0	41.0
47	35.24757104488416	38.0	34.0	40.0	27.0	41.0
48	35.00221170359908	38.0	34.0	40.0	26.0	41.0
49	34.77971023637173	38.0	33.0	40.0	26.0	41.0
50	34.57645876077656	38.0	33.0	40.0	26.0	41.0
51	34.32344525355331	38.0	33.0	40.0	26.0	41.0
52	34.04888247482949	37.0	33.0	40.0	24.0	41.0
>>END_MODULE
>>Per sequence quality scores	pass
#Quality	Count
2	3090.0
3	68.0
4	100.0
5	188.0
6	271.0
7	416.0
8	600.0
9	891.0
10	1449.0
11	2328.0
12	3657.0
13	6186.0
14	9475.0
15	12809.0
16	15964.0
17	19559.0
18	24338.0
19	28767.0
20	35050.0
21	42293.0
22	52244.0
23	65170.0
24	84326.0
25	111312.0
26	149159.0
27	200190.0
28	265236.0
29	344968.0
30	439439.0
31	547012.0
32	671440.0
33	821421.0
34	1018088.0
35	1280490.0
36	1662487.0
37	2218052.0
38	3263822.0
39	5788184.0
40	49833.0
>>END_MODULE
>>Per base sequence content	fail
#Base	G	A	T	C
1	30.263160083834563	13.735240254897663	17.156990989739455	38.84460867152832
2	24.26381281224948	23.782198110560092	31.661890127062346	20.292098950128082
3	24.31455818882398	25.487797677274703	25.440113593529517	24.757530540371796
4	25.245655333483157	30.481562414697592	19.88027050620435	24.392511745614897
5	26.76645407731653	31.507395665327113	21.5593222735308	20.16682798382556
6	23.08078524838572	35.17923766028821	21.60863423533855	20.13134285598752
7	18.66301233676771	18.154051283415935	41.01166027351238	22.171276106303974
8	21.137902115406085	25.437184894346114	25.962777642760752	27.46213534748704
9	23.76126615431344	21.570518491014624	29.812801956219975	24.855413398451965
10	22.692106769471565	38.3726794326985	21.183510308616878	17.751703489213057
11	27.5895653160968	25.997714597202176	19.30247502491116	27.11024506178987
12	23.51195704532116	22.111308450792947	26.73846430827845	27.638270195607443
13	21.23448272707749	27.344604819541114	28.818687275768635	22.60222517761276
14	21.78057679965855	26.656121825503163	27.266037267886507	24.297264106951776
15	22.351366179406508	27.848021857373652	25.763696252858313	24.036915710361527
16	22.831933810843157	26.786550696628943	25.479351438735176	24.90216405379272
17	25.045056301406234	25.581423269778774	25.22961614255691	24.143904286258085
18	23.37915296024422	25.811387638451066	28.309400670631526	22.500058730673192
19	22.649395760123557	25.194133460621238	27.0680733199961	25.088397459259106
20	22.699223279050944	25.863065433454196	27.91970446309458	23.518006824400274
21	24.76831614418356	26.00320628512965	26.872749357014836	22.355728213671956
22	23.746088490488024	28.32609872453799	25.354819813931563	22.57299297104242
23	22.68755934139292	29.394870076262592	25.50036475401401	22.417205828330484
24	22.355884685815568	27.6924850440525	25.501130723320415	24.450499546811518
25	22.74092657336024	26.045853780181456	27.657198032903068	23.556021613555234
26	22.70623848496075	25.994638477143727	26.897286577544264	24.40183646035126
27	22.41681245470816	25.89193018099894	25.562372453872367	26.12888491042053
28	22.47003879790123	28.25256223734702	25.70382265978719	23.57357630496456
29	24.980270598410005	27.05237750723481	25.458438321192162	22.508913573163024
30	23.52162910813348	26.24320387219205	27.840829239856536	22.39433777981793
31	22.46686844752524	25.6702777419012	26.980607676213708	24.882246134359857
32	22.53094843103644	28.362542750733837	25.558212072745384	23.548296745484336
33	22.251601996052884	27.290277963440623	25.686005447295923	24.772114593210567
34	24.7897441899772	26.180049949138194	25.582577093623758	23.44762876726084
35	23.89963299963805	25.965213238790145	27.570618931879885	22.564534829691915
36	24.787072723957728	26.388980420960678	26.429655310198786	22.39429154488281
37	25.892474066107795	25.900322150886655	25.557683085293142	22.649520697712408
38	23.845459266161864	26.15011510025658	25.359389772955904	24.64503586062565
39	22.396998392181434	25.759405166900507	25.881617049165673	25.961979391752386
40	22.66337670572521	26.225411699891115	27.50719711439761	23.60401447998607
41	22.68547932401169	25.70084369641399	29.101122988159727	22.512553991414595
42	22.443704942501608	28.49825914668484	26.90329250457257	22.154743406240982
43	22.772674549356694	27.297701476028053	27.48148318701395	22.448140787601304
44	22.911529953498857	26.088123012199528	26.566699790069453	24.43364724423216
45	22.566198025967935	25.941890258128943	27.850408155087237	23.641503560815885
46	22.779818831617934	25.784605703030195	26.74387184462972	24.69170362072216
47	25.313733636875725	25.78797097726727	25.437359143791756	23.46093624206525
48	23.614197469424976	26.358409268792478	27.888887254573554	22.138506007208996
49	22.829157487248086	28.252624875825443	26.385249562462228	22.532968074464243
50	22.842078099064985	27.269614878952712	27.671391509109117	22.21691551287319
51	24.84354773640448	26.36120979702032	26.319827376783874	22.47541508979133
52	23.887062272737904	25.924271526707436	25.5464608842786	24.64220531627606
>>END_MODULE
>>Per base GC content	fail
#Base	%GC
1	69.10776875536287
2	44.55591176237756
3	49.07208872919578
4	49.638167079098054
5	46.93328206114209
6	43.21212810437324
7	40.83428844307168
8	48.600037462893134
9	48.616679552765405
10	40.44381025868463
11	54.69981037788666
12	51.1502272409286
13	43.83670790469025
14	46.07784090661033
15	46.38828188976804
16	47.734097864635885
17	49.18896058766432
18	45.87921169091741
19	47.73779321938266
20	46.21723010345122
21	47.12404435785552
22	46.319081461530445
23	45.1047651697234
24	46.80638423262708
25	46.29694818691548
26	47.10807494531201
27	48.545697365128696
28	46.043615102865786
29	47.48918417157303
30	45.91596688795141
31	47.3491145818851
32	46.07924517652078
33	47.02371658926345
34	48.23737295723804
35	46.464167829329966
36	47.18136426884054
37	48.541994763820206
38	48.490495126787515
39	48.358977783933824
40	46.267391185711276
41	45.19803331542629
42	44.598448348742586
43	45.220815336958
44	47.34517719773102
45	46.20770158678382
46	47.47152245234009
47	48.774669878940976
48	45.75270347663397
49	45.36212556171233
50	45.05899361193818
51	47.31896282619581
52	48.52926758901396
>>END_MODULE
>>Per sequence GC content	fail
#GC Content	Count
0	123.0
1	105.5
2	88.0
3	142.0
4	196.0
5	472.0
6	748.0
7	1546.5
8	2345.0
9	7318.0
10	12291.0
11	14556.5
12	16822.0
13	35182.5
14	65475.5
15	77408.0
16	69532.0
17	61656.0
18	72598.5
19	83541.0
20	120051.0
21	156561.0
22	155593.0
23	154625.0
24	191328.5
25	228032.0
26	262232.5
27	296433.0
28	342893.0
29	389353.0
30	434130.0
31	478907.0
32	538176.0
33	597445.0
34	635534.5
35	673624.0
36	730850.5
37	788077.0
38	823862.5
39	919404.5
40	979161.0
41	1050832.5
42	1122504.0
43	1115333.5
44	1108163.0
45	1113241.0
46	1118319.0
47	1113625.5
48	1108932.0
49	1104478.0
50	1100024.0
51	1198523.0
52	1297022.0
53	1360869.5
54	1424717.0
55	1183442.5
56	942168.0
57	883246.0
58	824324.0
59	772395.5
60	720467.0
61	665873.5
62	611280.0
63	560210.5
64	456840.0
65	404539.0
66	358498.0
67	312457.0
68	275066.0
69	237675.0
70	205482.0
71	173289.0
72	146509.5
73	119730.0
74	100428.0
75	81126.0
76	65490.0
77	49854.0
78	40559.5
79	31265.0
80	24174.0
81	17083.0
82	12889.0
83	8695.0
84	6377.5
85	4060.0
86	2943.5
87	1827.0
88	1222.5
89	443.0
90	268.0
91	195.5
92	123.0
93	84.5
94	46.0
95	31.5
96	17.0
97	12.5
98	8.0
99	6.0
100	4.0
>>END_MODULE
>>Per base N content	pass
#Base	N-Count
1	0.032743649655006674
2	0.008050779891365926
3	0.006486361074515608
4	0.0
5	0.009734739016480556
6	0.00258830754415767
7	0.0
8	0.0
9	0.0
10	0.0015748136262646066
11	0.0
12	0.0
13	0.0010394809414287832
14	0.0
15	0.0
16	0.0
17	0.0
18	0.0
19	0.0
20	0.0
21	1.9230397416432487E-4
22	0.003518642986736431
23	4.1579237657151326E-5
24	1.715143553357492E-4
25	2.0269878357861274E-4
26	0.0016423798874574773
27	0.00651754550275847
28	8.10795134314451E-4
29	2.702650447714836E-4
30	2.0789618828575663E-5
31	1.4032992709288571E-4
32	3.06646877721491E-4
33	0.0
34	0.0
35	3.326339012572106E-4
36	0.0
37	4.677664236429524E-5
38	9.823094896502002E-4
39	8.835588002144657E-5
40	1.1434290355716616E-4
41	0.0014344836991717208
42	4.93753447178672E-4
43	8.05597729607307E-4
44	0.0010342835367216391
45	0.0013461278191502742
46	2.0269878357861274E-4
47	3.11844282428635E-5
48	0.0012421797250073959
49	0.001657972101578909
50	0.0029989025160220392
51	0.0016527746968717652
52	0.016746037966417698
>>END_MODULE
>>Sequence Length Distribution	pass
#Length	Count
52	1.9240372E7
>>END_MODULE
>>Sequence Duplication Levels	fail
#Total Duplicate Percentage	64.95751525617891
#Duplication Level	Relative count
1	100.0
2	37.15419877348867
3	21.796998857058586
4	14.596467942336762
5	10.55561700401873
6	7.99075815113864
7	6.034239083680517
8	4.871634160429648
9	3.951136182084086
10++	38.84280254150843
>>END_MODULE
>>Overrepresented sequences	fail
#Sequence	Count	Percentage	Possible Source
GATCGGAAGAGCACACGTCTGAACTCCAGTCACGTGGCCTTATCTCGTATGC	389235	2.023011821185162	TruSeq Adapter, Index 1 (97% over 35bp)
AGATCGGAAGAGCACACGTCTGAACTCCAGTCACGTGGCCTTATCTCGTATG	194758	1.0122361459539349	TruSeq Adapter, Index 1 (97% over 35bp)
>>END_MODULE
>>Kmer Content	fail
#Sequence	Count	Obs/Exp Overall	Obs/Exp Max	Max Obs/Exp Position
CACGT	2386315	2.7980444	25.999386	14
CACAC	2399860	2.7543244	26.101974	12
GAAGA	2223065	2.3522415	23.433088	6
GCACA	1855095	2.1569476	26.337105	11
GTGGC	1565535	2.0973258	28.564373	34
ACACG	1783760	2.074005	25.918543	13
TTTTT	2362005	2.0493379	6.1021028	2
GTCAC	1729010	2.0273294	26.038033	29
GAGCA	1700730	2.0033324	27.229618	9
AAAAA	2348645	1.9538126	5.966785	2
AAAAT	2328810	1.9536781	5.9111524	3
GTCTG	1629440	1.9519238	26.501684	17
CTCGT	1649500	1.9504399	25.676628	44
GGAAG	1624850	1.938988	25.975252	5
ACGTG	1628800	1.9348123	25.507217	32
AGCAC	1609995	1.8719658	26.546238	10
CGTCT	1580745	1.8691411	25.997967	16
ACGTC	1586230	1.8599147	25.918064	15
TCACG	1578405	1.8507396	25.563856	30
TCCAG	1569845	1.8407027	26.15085	25
TCTCG	1545310	1.8272412	25.806856	43
TGAAC	1729630	1.8217643	23.238089	20
CGTGG	1356480	1.817258	28.273808	33
CTCCA	1566010	1.8124962	25.319893	24
AGAGC	1530050	1.8022841	26.548092	8
CTGAA	1687905	1.7778167	23.270403	19
CAGTC	1486315	1.7427605	25.493906	27
AAGAG	1642585	1.7380313	23.300661	7
CGGCG	1166865	1.725672	5.041301	1
CCAGT	1464250	1.7168882	25.435495	26
ATCTC	1624300	1.702999	22.964252	42
GAACT	1603825	1.6892579	23.133213	21
AACTC	1587480	1.6504524	22.806526	22
GCCTT	1389995	1.6435902	25.264017	37
GATCG	1337655	1.5889682	25.718643	1
TGGCC	1199665	1.5864227	27.633514	35
TCTGA	1491360	1.5840718	23.338234	18
AGTCA	1452720	1.5301038	22.853462	28
GTATG	1370755	1.4750152	23.100103	47
TCGTA	1357860	1.4422727	22.75621	45
ACTCC	1245105	1.4410816	25.097094	23
CGGAA	1211735	1.427333	25.388515	4
GGCCT	1070455	1.4155569	27.8902	36
TTATC	1490080	1.415218	20.4758	40
TCGGA	1183670	1.406053	25.64084	3
ATCGG	1170260	1.3901237	25.504768	2
TATCT	1417870	1.3466357	20.46613	41
GTTTT	1374805	1.3339896	5.243131	1
CTTAT	1351415	1.2835194	20.301802	39
CGTAT	1205375	1.2803082	22.68092	46
TATGC	1153935	1.2256706	22.812834	48
CCTTA	1142990	1.198369	22.213053	38
AGATC	1031785	1.0867463	11.385563	1
>>END_MODULE
