##FastQC	0.10.1
>>Basic Statistics	pass
#Measure	Value	
Filename	C2AFAACXX_Pc1_1d_13s004120-1-1_Hejnol_lane213s004120_sequence.txt.gz	
File type	Conventional base calls	
Encoding	Sanger / Illumina 1.9	
Total Sequences	14403749	
Filtered Sequences	0	
Sequence length	52	
%GC	45	
>>END_MODULE
>>Per base sequence quality	pass
#Base	Mean	Median	Lower Quartile	Upper Quartile	10th Percentile	90th Percentile
1	31.862146306492843	31.0	31.0	34.0	30.0	34.0
2	31.95026371259316	33.0	31.0	34.0	30.0	34.0
3	32.007796928424675	34.0	31.0	34.0	30.0	34.0
4	35.53942067443691	37.0	35.0	37.0	33.0	37.0
5	35.549287341788585	37.0	35.0	37.0	33.0	37.0
6	35.373784769506884	37.0	35.0	37.0	32.0	37.0
7	35.40967493948971	37.0	35.0	37.0	33.0	37.0
8	35.379508973670674	37.0	35.0	37.0	32.0	37.0
9	36.964720504363136	39.0	37.0	39.0	33.0	39.0
10	36.92110776159735	39.0	37.0	39.0	33.0	39.0
11	36.95022781916013	39.0	37.0	39.0	33.0	39.0
12	36.93269453667931	39.0	37.0	39.0	33.0	39.0
13	36.898193032938856	39.0	37.0	39.0	32.0	39.0
14	38.10633120585481	40.0	37.0	41.0	33.0	41.0
15	38.06005853059506	40.0	37.0	41.0	33.0	41.0
16	38.05449976946974	40.0	37.0	41.0	33.0	41.0
17	38.062806356872784	40.0	37.0	41.0	33.0	41.0
18	38.08118657163492	40.0	37.0	41.0	33.0	41.0
19	38.129645760975144	40.0	37.0	41.0	33.0	41.0
20	38.03619571543492	40.0	37.0	41.0	33.0	41.0
21	38.0070734362283	40.0	37.0	41.0	32.0	41.0
22	37.93681651908819	40.0	37.0	41.0	32.0	41.0
23	37.9170780468335	40.0	37.0	41.0	32.0	41.0
24	37.895780258320244	40.0	37.0	41.0	32.0	41.0
25	37.875875995895235	40.0	37.0	41.0	32.0	41.0
26	37.76539587020018	40.0	37.0	41.0	32.0	41.0
27	37.672300801687115	40.0	37.0	41.0	32.0	41.0
28	37.57816100516609	40.0	37.0	41.0	32.0	41.0
29	37.514725437106684	40.0	37.0	41.0	31.0	41.0
30	37.44756007619961	40.0	37.0	41.0	31.0	41.0
31	37.39392792806928	40.0	37.0	41.0	31.0	41.0
32	37.31766750448095	40.0	36.0	41.0	31.0	41.0
33	37.2561286648358	40.0	36.0	41.0	31.0	41.0
34	37.12762267656844	39.0	36.0	41.0	31.0	41.0
35	37.05783251291035	39.0	36.0	41.0	30.0	41.0
36	36.93719475394913	39.0	36.0	41.0	30.0	41.0
37	36.907948756952095	39.0	36.0	41.0	30.0	41.0
38	36.797054502963086	39.0	36.0	41.0	30.0	41.0
39	36.66790750102629	39.0	35.0	41.0	30.0	41.0
40	36.541322540402504	39.0	35.0	41.0	30.0	41.0
41	36.38474129200669	39.0	35.0	41.0	30.0	41.0
42	36.275136841109905	39.0	35.0	41.0	30.0	41.0
43	36.18446440575992	39.0	35.0	40.0	29.0	41.0
44	36.08685252707472	38.0	35.0	40.0	29.0	41.0
45	35.9655047446328	38.0	35.0	40.0	29.0	41.0
46	35.82576320928669	38.0	35.0	40.0	29.0	41.0
47	35.653636563647424	38.0	34.0	40.0	28.0	41.0
48	35.44133357225261	38.0	34.0	40.0	28.0	41.0
49	35.2488982555861	38.0	34.0	40.0	27.0	41.0
50	35.04613993204131	38.0	34.0	40.0	27.0	41.0
51	34.80917884642394	38.0	34.0	40.0	27.0	41.0
52	34.55379984752581	38.0	33.0	40.0	26.0	41.0
>>END_MODULE
>>Per sequence quality scores	pass
#Quality	Count
2	4292.0
3	39.0
4	106.0
5	164.0
6	262.0
7	316.0
8	484.0
9	671.0
10	917.0
11	1451.0
12	2403.0
13	3802.0
14	5724.0
15	7935.0
16	10265.0
17	12274.0
18	15196.0
19	18196.0
20	22482.0
21	27562.0
22	34315.0
23	43361.0
24	56698.0
25	75722.0
26	103296.0
27	140793.0
28	188295.0
29	246694.0
30	315782.0
31	394783.0
32	483597.0
33	592351.0
34	732180.0
35	919606.0
36	1192510.0
37	1601340.0
38	2428376.0
39	4676365.0
40	43144.0
>>END_MODULE
>>Per base sequence content	fail
#Base	G	A	T	C
1	31.736526155968942	14.90232755697843	17.094222770036293	36.26692351701634
2	23.567351472545912	24.50561437876413	32.6069932087829	19.320040939907056
3	23.293829777277317	26.08623323011696	27.0959429009202	23.52399409168552
4	23.85188050694302	31.81441165074454	21.033558693642885	23.300149148669558
5	25.51909294701817	32.96996861758657	22.18544577566386	19.325492659731403
6	21.996865177209273	36.34723300095269	22.337292546756085	19.31860927508195
7	17.64175424051058	18.902301060647474	42.14402791939793	21.31191677944402
8	20.241702351242026	26.45776457226518	26.694570975931338	26.60596210056146
9	22.95460716512069	22.43562422533189	30.43182715833218	24.177941451215233
10	21.477577340523247	39.77594350266011	21.776733587854626	16.96974556896201
11	26.553461879959166	27.24852397802822	20.187751119517564	26.010263022495046
12	22.39114969304172	23.2702819245184	27.81549442440298	26.523073958036896
13	20.457986987555955	28.32218229932426	29.837887022248676	21.381943690871108
14	20.778354302064	27.654321107650514	28.44656623772047	23.120758352565016
15	21.546196063261032	28.77407819311486	26.80286916968631	22.876856573937797
16	21.82869890332024	27.772207083030953	26.561272346525893	23.837821667122913
17	24.008388371666292	26.67712412928051	26.25938566410731	23.055101834945887
18	22.237641047480068	26.947692576425762	29.209187135932456	21.60547924016171
19	21.778538351369495	26.332845705656215	27.815931810530714	24.072684132443577
20	21.635179841026112	27.117495590904838	28.835194226169868	22.412130341899182
21	23.765109029812503	27.052384588676777	27.67507090702465	21.507435474486073
22	22.563538802294982	29.40816951956524	26.390051242615726	21.638240435524047
23	21.634989018825802	30.16795218909086	26.590388803131855	21.60666998895148
24	21.371652124710796	28.520830549042003	26.520639626207803	23.5868777000394
25	21.829820089000542	27.136499961503034	28.54178843776124	22.491891511735187
26	21.770291561024212	27.05115417136777	27.712686127025606	23.465868140582412
27	21.561928217535982	26.872096456839838	26.596026613294	24.96994871233018
28	21.55965477914659	29.279670727882912	26.745660075443382	22.415014417527114
29	23.92550840515564	27.867684727812307	26.621666251611824	21.585140615420226
30	22.418077908344124	27.277154151427	28.81128284267162	21.49348509755726
31	21.48890645685818	26.763155039118665	27.887821349720376	23.86011715430278
32	21.533024158423594	29.356152819762514	26.688139370730312	22.422683651083577
33	21.366152659283358	28.098045862920827	26.720578093939295	23.815223383856523
34	21.59679400133951	29.443799666322985	26.61257843357309	22.346827898764413
35	23.890756809509657	27.97211997430941	26.452456681841223	21.684666534339712
36	22.572880157797805	27.40737151140304	28.43930423947265	21.580444091326502
37	21.515250794915016	26.98764855602444	29.703137539060165	21.79396311000038
38	21.609829534425113	27.319293243944642	27.36208806513255	23.70878915649769
39	21.437702985474605	26.944960128411093	26.90070079021143	24.71663609590287
40	23.822722104876124	27.438096616044618	26.210255450391486	22.52892582868778
41	22.61689834582332	26.904830340319112	28.914044741778756	21.56422657207881
42	21.483226505510007	29.510430891158784	27.700619014257928	21.305723589073285
43	21.860191897285986	28.142269285624476	28.530816821827642	21.466721995261892
44	21.795620715663937	27.24694021618992	27.462844093767462	23.494594974378685
45	21.664308337169768	26.93197937148442	28.82437303507738	22.579339256268437
46	21.8153999618432	26.81657188099411	27.655299421177464	23.712728735985223
47	24.30363919370941	26.772282754340193	26.530060942505212	22.394017109445187
48	22.553744602212255	27.320203454889636	28.901566595985194	21.224485346912914
49	21.879858179348084	29.318937061600952	27.377567631966134	21.423637127084834
50	21.7718730785744	28.1975229682391	28.715832297001647	21.31477165618486
51	23.803049541775874	27.377503906851796	27.355787024871177	21.463659526501157
52	22.699338109422307	26.988423216394768	26.704331261787544	23.607907412395377
>>END_MODULE
>>Per base GC content	fail
#Base	%GC
1	68.00344967298528
2	42.88739241245297
3	46.81782386896284
4	47.15202965561257
5	44.84458560674957
6	41.31547445229123
7	38.9536710199546
8	46.84766445180348
9	47.13254861633593
10	38.44732290948526
11	52.56372490245421
12	48.91422365107862
13	41.83993067842706
14	43.899112654629015
15	44.42305263719883
16	45.666520570443154
17	47.06349020661218
18	43.84312028764178
19	45.85122248381307
20	44.047310182925294
21	45.27254450429858
22	44.20177923781903
23	43.24165900777729
24	44.958529824750194
25	44.321711600735725
26	45.236159701606624
27	46.531876929866165
28	43.9746691966737
29	45.51064902057587
30	43.911563005901385
31	45.349023611160966
32	43.955707809507174
33	45.181376043139885
34	43.94362190010392
35	45.57542334384937
36	44.15332424912431
37	43.309213904915396
38	45.318618690922804
39	46.15433908137748
40	46.3516479335639
41	44.181124917902125
42	42.78895009458329
43	43.32691389254788
44	45.29021569004262
45	44.243647593438205
46	45.52812869782842
47	46.6976563031546
48	43.77822994912517
49	43.303495306432914
50	43.08664473475926
51	45.26670906827703
52	46.30724552181768
>>END_MODULE
>>Per sequence GC content	fail
#GC Content	Count
0	273.0
1	214.0
2	155.0
3	175.0
4	195.0
5	323.0
6	451.0
7	1010.5
8	1570.0
9	7668.5
10	13767.0
11	16399.5
12	19032.0
13	34918.5
14	46060.0
15	41315.0
16	41436.0
17	41557.0
18	48928.0
19	56299.0
20	93805.5
21	131312.0
22	135137.5
23	138963.0
24	171045.5
25	203128.0
26	238162.5
27	273197.0
28	317862.5
29	362528.0
30	406555.5
31	450583.0
32	513014.5
33	575446.0
34	605083.0
35	634720.0
36	678436.0
37	722152.0
38	745569.0
39	804988.0
40	840990.0
41	878838.0
42	916686.0
43	900475.5
44	884265.0
45	875685.5
46	867106.0
47	853803.5
48	840501.0
49	884359.0
50	928217.0
51	986511.0
52	1044805.0
53	873981.5
54	703158.0
55	652812.0
56	602466.0
57	558321.5
58	514177.0
59	474319.5
60	434462.0
61	394548.5
62	354635.0
63	319008.0
64	251272.5
65	219164.0
66	190408.5
67	161653.0
68	139232.5
69	116812.0
70	99482.5
71	82153.0
72	67589.0
73	53025.0
74	42894.0
75	32763.0
76	25522.0
77	18281.0
78	14055.0
79	9829.0
80	7346.5
81	4864.0
82	3494.5
83	2125.0
84	1565.0
85	1005.0
86	717.0
87	429.0
88	304.5
89	134.5
90	89.0
91	69.0
92	49.0
93	37.5
94	26.0
95	20.5
96	15.0
97	9.0
98	3.0
99	2.0
100	1.0
>>END_MODULE
>>Per base N content	pass
#Base	N-Count
1	0.032651221567384994
2	0.008164541051083298
3	0.006907923763459083
4	0.0
5	0.009823831281703117
6	0.002659029951160632
7	0.0
8	0.0
9	0.0
10	0.00165929023061982
11	0.0
12	0.0
13	0.0010552808161264126
14	0.0
15	0.0
16	0.0
17	0.0
18	0.0
19	0.0
20	0.0
21	1.943938345496023E-4
22	0.0034921463849446424
23	4.859845863740058E-5
24	1.66623286756802E-4
25	1.1108219117120134E-4
26	0.0014718390330184176
27	0.006053979418830472
28	6.942636948200084E-4
29	2.082791084460025E-4
30	2.082791084460025E-5
31	6.942636948200083E-5
32	2.4993493013520296E-4
33	0.0
34	0.0
35	2.2216438234240268E-4
36	0.0
37	5.554109558560067E-5
38	9.511412619034114E-4
39	6.248373253380074E-5
40	9.025428032660108E-5
41	0.0014510111221738174
42	2.915907518244035E-4
43	7.359195165092088E-4
44	8.122885229394096E-4
45	0.001332986294054416
46	1.735659237050021E-4
47	6.248373253380074E-5
48	0.0011316498225566137
49	0.001423240574381017
50	0.0026451446772642316
51	0.0014440684852256172
52	0.016842837236333404
>>END_MODULE
>>Sequence Length Distribution	pass
#Length	Count
52	1.4403749E7
>>END_MODULE
>>Sequence Duplication Levels	fail
#Total Duplicate Percentage	60.864486977279505
#Duplication Level	Relative count
1	100.0
2	35.09280237016382
3	18.57463401882189
4	12.041434297664692
5	7.78472464273266
6	6.0147263855001745
7	4.40593412338794
8	3.4855350296270475
9	2.778624956430812
10++	27.66752352736145
>>END_MODULE
>>Overrepresented sequences	fail
#Sequence	Count	Percentage	Possible Source
GATCGGAAGAGCACACGTCTGAACTCCAGTCACAGTTCCGTATCTCGTATGC	278517	1.9336424149018423	TruSeq Adapter, Index 8 (97% over 37bp)
AGATCGGAAGAGCACACGTCTGAACTCCAGTCACAGTTCCGTATCTCGTATG	122747	0.8521878574807157	TruSeq Adapter, Index 8 (97% over 37bp)
>>END_MODULE
>>Kmer Content	fail
#Sequence	Count	Obs/Exp Overall	Obs/Exp Max	Max Obs/Exp Position
CACAC	1878325	3.0251904	26.631369	12
GCACA	1351610	2.2091084	26.745646	11
CACAG	1328045	2.170593	25.813128	31
ACACG	1326595	2.1682231	26.349085	13
GAAGA	1577905	2.1600368	21.886642	6
TTTTT	2172420	2.1062796	6.1035304	2
GTCAC	1241215	2.0566103	26.592442	29
CACGT	1224500	2.0289147	26.543829	14
TCACA	1502085	2.02417	21.638765	30
GAGCA	1165190	1.9326175	27.623016	9
GTCTG	1131640	1.9290183	27.134432	17
GGAAG	1129555	1.9012543	26.481585	5
CTCGT	1129535	1.8973354	26.100527	44
CGTAT	1354655	1.8780373	21.26041	46
AAAAA	2061360	1.8665047	5.075638	2
AGCAC	1135235	1.855459	26.966566	10
AAAAT	2008555	1.8437344	5.266974	3
CGTCT	1073345	1.8029503	26.549753	16
TCTCG	1058285	1.7776533	26.217836	43
ACGTC	1070120	1.7731173	26.378805	15
TCCAG	1068020	1.7696378	26.509096	25
CTCCA	1072975	1.7519066	25.714384	24
AGAGC	1051490	1.7440315	26.958372	8
CCAGT	1045225	1.731868	25.920942	26
ACAGT	1265985	1.7312695	21.383879	32
CAGTC	1033930	1.7131529	25.897722	27
TGAAC	1238530	1.693724	21.809366	20
AAGAG	1208130	1.6538416	21.846294	7
CTGAA	1200340	1.6414981	21.785057	19
CAGTT	1178780	1.6342115	21.419462	33
GAACT	1144790	1.5655318	21.665977	21
ATCTC	1141670	1.5596689	21.498865	42
GATCG	920605	1.5479678	26.35374	1
AACTC	1143090	1.5403979	21.336466	22
GTTCC	905310	1.5206937	25.421692	35
TCTGA	1071505	1.48549	21.9769	18
GTATG	1046660	1.4725319	21.756605	47
TCCGT	876285	1.471939	25.241627	37
AGTCA	1068585	1.4613193	21.401716	28
AGTTC	1047275	1.4518985	21.126839	34
ACTCC	868630	1.418261	25.581532	23
CGGAA	845270	1.4019891	25.872244	4
GTTTT	1184165	1.3925078	5.4780655	1
ATCGG	819145	1.3773661	26.113344	2
TCGGA	803705	1.3514042	26.251764	3
TCGTA	973515	1.3496406	21.290607	45
TTCCG	799985	1.3437741	25.158014	36
CCGTA	802355	1.3294486	24.748133	38
TATGC	903945	1.2531916	21.40049	48
GTATC	893740	1.239044	20.979126	40
TATCT	1056265	1.2073557	17.515888	41
AGATC	725635	0.99232584	9.322697	1
>>END_MODULE
