##FastQC	0.10.1
>>Basic Statistics	pass
#Measure	Value	
Filename	C2AFAACXX_Pc1_5d_13s004122-1-1_Hejnol_lane213s004122_sequence.txt.gz	
File type	Conventional base calls	
Encoding	Sanger / Illumina 1.9	
Total Sequences	20631875	
Filtered Sequences	0	
Sequence length	52	
%GC	43	
>>END_MODULE
>>Per base sequence quality	pass
#Base	Mean	Median	Lower Quartile	Upper Quartile	10th Percentile	90th Percentile
1	31.83228315410015	31.0	31.0	34.0	30.0	34.0
2	31.93973048983672	33.0	31.0	34.0	30.0	34.0
3	31.987511265941656	34.0	31.0	34.0	30.0	34.0
4	35.520327066735334	37.0	35.0	37.0	33.0	37.0
5	35.526001490412284	37.0	35.0	37.0	33.0	37.0
6	35.35825095877132	37.0	35.0	37.0	32.0	37.0
7	35.39857327557481	37.0	35.0	37.0	33.0	37.0
8	35.36811521008149	37.0	35.0	37.0	32.0	37.0
9	36.952508436581745	39.0	37.0	39.0	33.0	39.0
10	36.94043726030717	39.0	37.0	39.0	33.0	39.0
11	36.94191196873769	39.0	37.0	39.0	33.0	39.0
12	36.926948229378084	39.0	37.0	39.0	33.0	39.0
13	36.89089052739996	39.0	37.0	39.0	32.0	39.0
14	38.09613673018085	40.0	37.0	41.0	33.0	41.0
15	38.05548797673503	40.0	37.0	41.0	33.0	41.0
16	38.04160222955984	40.0	37.0	41.0	33.0	41.0
17	38.05145833812971	40.0	37.0	41.0	33.0	41.0
18	38.06380496198237	40.0	37.0	41.0	33.0	41.0
19	38.13213147132774	40.0	37.0	41.0	33.0	41.0
20	38.04893980794281	40.0	37.0	41.0	33.0	41.0
21	38.01202920238708	40.0	37.0	41.0	32.0	41.0
22	37.96816474508497	40.0	37.0	41.0	32.0	41.0
23	37.94047724697828	40.0	37.0	41.0	32.0	41.0
24	37.896419254188	40.0	37.0	41.0	32.0	41.0
25	37.87605469691921	40.0	37.0	41.0	32.0	41.0
26	37.769220538608344	40.0	37.0	41.0	32.0	41.0
27	37.680965157068854	40.0	37.0	41.0	32.0	41.0
28	37.60421861803641	40.0	37.0	41.0	32.0	41.0
29	37.551597079761294	40.0	37.0	41.0	31.0	41.0
30	37.48110101481324	40.0	37.0	41.0	31.0	41.0
31	37.445836599921236	40.0	37.0	41.0	31.0	41.0
32	37.39492256520554	40.0	37.0	41.0	31.0	41.0
33	37.330043779346276	40.0	36.0	41.0	31.0	41.0
34	37.23790547393293	40.0	36.0	41.0	31.0	41.0
35	37.16974007452061	40.0	36.0	41.0	31.0	41.0
36	37.0514677895247	39.0	36.0	41.0	30.0	41.0
37	36.956274114689045	39.0	36.0	41.0	30.0	41.0
38	36.86985429099391	39.0	36.0	41.0	30.0	41.0
39	36.75425398806458	39.0	36.0	41.0	30.0	41.0
40	36.651008791009055	39.0	35.0	41.0	30.0	41.0
41	36.51780388355397	39.0	35.0	41.0	30.0	41.0
42	36.338508157886764	39.0	35.0	41.0	30.0	41.0
43	36.22033266486929	39.0	35.0	41.0	29.0	41.0
44	36.146524297961285	39.0	35.0	40.0	29.0	41.0
45	36.02753457938263	38.0	35.0	40.0	29.0	41.0
46	35.8935414740541	38.0	35.0	40.0	29.0	41.0
47	35.731780897276664	38.0	35.0	40.0	28.0	41.0
48	35.54559617097331	38.0	34.0	40.0	28.0	41.0
49	35.37198936112205	38.0	34.0	40.0	28.0	41.0
50	35.18204496682924	38.0	34.0	40.0	27.0	41.0
51	34.951023065038925	38.0	34.0	40.0	27.0	41.0
52	34.69374853230741	38.0	34.0	40.0	26.0	41.0
>>END_MODULE
>>Per sequence quality scores	pass
#Quality	Count
2	12874.0
3	73.0
4	180.0
5	279.0
6	390.0
7	551.0
8	675.0
9	914.0
10	1232.0
11	1906.0
12	2913.0
13	4723.0
14	7272.0
15	9872.0
16	12937.0
17	15895.0
18	19896.0
19	24813.0
20	30901.0
21	38465.0
22	47943.0
23	61202.0
24	80176.0
25	106401.0
26	144887.0
27	195531.0
28	263171.0
29	346339.0
30	445526.0
31	558924.0
32	688884.0
33	842834.0
34	1040256.0
35	1305910.0
36	1684587.0
37	2272055.0
38	3476479.0
39	6807924.0
40	76085.0
>>END_MODULE
>>Per base sequence content	fail
#Base	G	A	T	C
1	26.819815423433013	14.820476755323442	20.083306484907062	38.27640133633648
2	22.209800346296955	23.69378473021513	35.557371010783136	18.539043912704784
3	22.038811788506123	25.897775995737582	29.1079543449574	22.9554578707989
4	23.330206294871406	31.74937323922329	21.888858865226744	23.031561600678565
5	25.11637860936075	33.96771622111924	23.326677125613767	17.58922804390625
6	20.326994584762303	37.4950681998886	23.25273228996639	18.92520492538271
7	16.38657659568023	19.171282299839447	43.58411923298294	20.858021871497378
8	19.434583623640606	25.87023719366272	28.69488594710854	26.00029323558814
9	21.89686589318712	22.854461846051315	32.03833388870376	23.210338372057798
10	20.12811229693576	40.22419118800701	22.911548200339602	16.73614831471762
11	25.617046439065767	28.37612674563024	21.13532095362152	24.87150586168247
12	21.08534488503832	24.381768501408622	29.029925782314987	25.50296083123807
13	19.795823605166234	28.60189213960867	31.55719338279451	20.04509087243059
14	20.365071036927084	28.12137529914271	29.70608342673654	21.807470237193662
15	20.88220290206295	29.967659265093456	27.733843870225076	21.41629396261852
16	21.461471630668566	28.27189482293781	27.50093241646724	22.765701129926388
17	22.831613704522734	28.018864015025297	27.29421829087274	21.85530398957923
18	20.79403350398352	27.928949744024717	30.210094816879224	21.066921935112536
19	21.139528036109176	27.396884674805367	28.675537245160704	22.788050043924752
20	21.00324861409833	28.221278967616854	29.90179515918936	20.87367725909545
21	22.713160609114578	28.529871462320223	28.066708902338323	20.69025902622688
22	21.256034549614178	29.933217650936445	27.6451345534918	21.16561324595758
23	21.043083497969427	30.127840587572614	27.91160392804006	20.917471986417905
24	20.74883241066496	29.12631194156058	27.87050453023402	22.254351117540445
25	21.273836529583825	28.59083132272652	29.18802020043689	20.947311947252768
26	21.135109257681936	27.65001577438667	29.104172362838327	22.110702605093064
27	20.874232699875144	27.886732616867445	28.021430478787913	23.217604204469502
28	20.83629782242554	29.82471599431109	28.380585096237994	20.95840108702538
29	22.841278726455833	28.61018633896815	27.813508742737973	20.73502619183805
30	21.012698463013553	28.61018830724335	29.25998892877702	21.117124300966072
31	20.660398428681713	27.642138503540743	28.81571733176786	22.881745736009687
32	20.822806314321124	29.850856661769704	27.933494023554868	21.392843000354304
33	20.627567780436824	28.697590500136315	27.879676471479204	22.795165247947654
34	20.802181091151432	29.103956862863896	27.691865135863804	22.401996910120868
35	21.142844568658205	28.366217090816576	27.49799981261951	22.99293852790571
36	22.605507255157374	28.82149586501469	27.30297173669383	21.27002514313411
37	20.774377810791435	28.52173290958109	29.444213652598673	21.25967562702881
38	21.047012477357043	28.63093203257726	27.731020425711066	22.59103506435463
39	20.482762073668486	28.102826012641323	28.424270597790475	22.990141315899713
40	21.008012027225664	29.266793580432438	27.131668273970682	22.593526118371216
41	22.222200680277385	28.038472470170007	28.4721085884632	21.267218261089404
42	20.89167496858487	30.344539379979757	28.10345283862593	20.660332812809443
43	21.28551630382231	29.295585441414417	28.63466742071458	20.784230834048696
44	21.430385906099637	28.602958450735734	27.9091127686809	22.057542874483737
45	21.13901341205274	28.33862747964384	29.457014272093012	21.065344836210407
46	21.272876644605308	27.98503284969598	28.15975785012008	22.582332655578632
47	23.4684033457368	28.04843943359855	27.784798739503376	20.69835848116128
48	21.161598624558906	29.053435219582198	29.3168995420431	20.46806661381579
49	21.1802635267732	30.325388405550964	27.526536085936048	20.967811981739793
50	21.33128815413837	28.764699584092718	29.30058972101635	20.603422540752558
51	22.645592850015767	29.261986331414295	27.093025814551332	20.999395004018602
52	21.47570004622764	28.2836263410669	27.812236285283475	22.42843732742199
>>END_MODULE
>>Per base GC content	fail
#Base	%GC
1	65.0962167597695
2	40.748844259001736
3	44.994269659305026
4	46.36176789554997
5	42.705606653267
6	39.25219951014501
7	37.24459846717761
8	45.43487685922874
9	45.10720426524492
10	36.864260611653386
11	50.48855230074823
12	46.58830571627639
13	39.840914477596826
14	42.172541274120746
15	42.29849686468147
16	44.227172760594954
17	44.68691769410197
18	41.86095543909606
19	43.92757808003393
20	41.876925873193784
21	43.40341963534146
22	42.42164779557175
23	41.96055548438733
24	43.003183528205405
25	42.221148476836596
26	43.245811862775
27	44.091836904344646
28	41.794698909450915
29	43.576304918293886
30	42.129822763979625
31	43.54214416469141
32	42.21564931467543
33	43.42273302838448
34	43.204178001272304
35	44.13578309656391
36	43.875532398291476
37	42.03405343782024
38	43.63804754171168
39	43.4729033895682
40	43.60153814559688
41	43.48941894136679
42	41.55200778139431
43	42.069747137871
44	43.487928780583374
45	42.20435824826315
46	43.85520930018394
47	44.166761826898075
48	41.6296652383747
49	42.14807550851299
50	41.934710694890924
51	43.644987854034376
52	43.904137373649625
>>END_MODULE
>>Per sequence GC content	pass
#GC Content	Count
0	512.0
1	389.0
2	266.0
3	342.0
4	418.0
5	921.0
6	1424.0
7	4734.5
8	8045.0
9	32074.5
10	56104.0
11	58940.5
12	61777.0
13	124818.0
14	168271.5
15	148684.0
16	140771.5
17	132859.0
18	144432.0
19	156005.0
20	260916.5
21	365828.0
22	328481.0
23	291134.0
24	344178.0
25	397222.0
26	455702.5
27	514183.0
28	566975.5
29	619768.0
30	648022.5
31	676277.0
32	774497.0
33	872717.0
34	895917.0
35	919117.0
36	983939.0
37	1048761.0
38	1059619.5
39	1121892.5
40	1173307.0
41	1285382.5
42	1397458.0
43	1320724.0
44	1243990.0
45	1218462.5
46	1192935.0
47	1143014.0
48	1093093.0
49	1065918.0
50	1038743.0
51	1019904.0
52	1001065.0
53	964857.0
54	928649.0
55	889450.5
56	850252.0
57	917073.5
58	983895.0
59	794446.5
60	604998.0
61	536620.0
62	468242.0
63	415159.5
64	317398.5
65	272720.0
66	231938.0
67	191156.0
68	160087.0
69	129018.0
70	104147.5
71	79277.0
72	62312.5
73	45348.0
74	34837.5
75	24327.0
76	18203.5
77	12080.0
78	8879.5
79	5679.0
80	4014.0
81	2349.0
82	1633.5
83	918.0
84	675.0
85	432.0
86	311.0
87	190.0
88	147.5
89	87.5
90	70.0
91	50.0
92	30.0
93	24.0
94	18.0
95	13.5
96	9.0
97	7.0
98	5.0
99	3.5
100	2.0
>>END_MODULE
>>Per base N content	pass
#Base	N-Count
1	0.03310411680954833
2	0.007774378237557177
3	0.006489957892823604
4	0.0
5	0.009742207143073521
6	0.0022441004513646967
7	0.0
8	0.0
9	0.0
10	0.001395898336917997
11	0.0
12	0.0
13	9.93608191208991E-4
14	0.0
15	0.0
16	0.0
17	0.0
18	0.0
19	0.0
20	0.0
21	1.260185998606525E-4
22	0.0032716367271515556
23	3.87749538032777E-5
24	2.374965920450759E-4
25	2.1326224591802732E-4
26	0.0015897731059343854
27	0.006097361485565418
28	7.658053376147345E-4
29	3.1989336887704097E-4
30	3.87749538032777E-5
31	1.308654690860622E-4
32	2.1810911514343702E-4
33	0.0
34	0.0
35	2.811184150737633E-4
36	0.0
37	3.87749538032777E-5
38	8.821301990245675E-4
39	6.785616915573596E-5
40	8.724364605737481E-5
41	0.0014104389445942262
42	4.701463148647421E-4
43	5.71930568598346E-4
44	9.59680106631123E-4
45	0.0013716639907909484
46	1.211717306352428E-4
47	3.392808457786798E-5
48	0.0011584017448729212
49	0.0016818636212171702
50	0.002879040319893369
51	0.001614007452061434
52	0.017075520281118417
>>END_MODULE
>>Sequence Length Distribution	pass
#Length	Count
52	2.0631875E7
>>END_MODULE
>>Sequence Duplication Levels	fail
#Total Duplicate Percentage	67.0110123912568
#Duplication Level	Relative count
1	100.0
2	31.252808988764045
3	15.34943820224719
4	9.702247191011235
5	6.837078651685394
6	5.29438202247191
7	4.092134831460674
8	3.4719101123595504
9	3.0382022471910113
10++	45.68089887640449
>>END_MODULE
>>Overrepresented sequences	fail
#Sequence	Count	Percentage	Possible Source
GATCGGAAGAGCACACGTCTGAACTCCAGTCACCCGTCCCGATCTCGTATGC	272915	1.3227833146526915	TruSeq Adapter, Index 7 (97% over 36bp)
CCCCAACAAAAATTAACTTAATCAATATTATTTAACCTAATAAATAGAAACT	48628	0.23569355669322348	No Hit
CTCGTCTTTCATTAATAATTAGGCATCTTCACCTAAAATGTAAATTTAATAT	39164	0.18982278634394598	No Hit
CAAAAATTAACTTAATCAATATTATTTAACCTAATAAATAGAAACTAATAAA	33788	0.16376601738814336	No Hit
TTTAAAACCAAATAAAATTTAAATGTCACCCCAACAAAAATTAACTTAATCA	32662	0.158308442640332	No Hit
CTAAAATCCTCTCGTACTATTAAGATATATTTATTAATTAAAGAAGATAGAA	31607	0.15319499560752478	No Hit
CAAAAACATGGCTAGCAGAAAATATTTTTAGTCGTGCCTGCCCGGTGAGTAT	27444	0.13301747902214414	No Hit
CCTGACTCACGTCGGTCTGAACTCAGATCATGTAGGAATTTAATAGTCGAAC	27192	0.1317960679773409	No Hit
CTCAGATCATGTAGGAATTTAATAGTCGAACAGACTAACTCTATTAAGCTGC	23803	0.11537002817242738	No Hit
TTTCATTCCAGCCCCCAATTAAAAGGCAAATGATTATGCTACCTTTGCACGG	22330	0.10823058980339888	No Hit
GCTGAACCTTCGTTAGACCTTTCATTCCAGCCCCCAATTAAAAGGCAAATGA	22230	0.1077459028808579	No Hit
TTTTAATCTATAATAATTTATTTAAAATGATCCAATAATATTGATCTTAGGA	22069	0.10696555693556692	No Hit
>>END_MODULE
>>Kmer Content	fail
#Sequence	Count	Obs/Exp Overall	Obs/Exp Max	Max Obs/Exp Position
CACAC	1925195	2.2812026	20.512646	12
TTTTT	3858985	2.1881146	6.4770894	2
GAAGA	2214345	2.1180313	16.250868	6
TTTTA	3719310	2.093016	5.2105794	2
AAAAT	3632365	1.998201	5.699809	3
TTTAA	3467490	1.9365938	5.3844624	2
ATTTT	3429665	1.9300205	5.039614	1
TCACC	1609070	1.921104	19.988983	30
CGACG	1181225	1.8939588	5.8379383	1
AAAAA	3424170	1.8694686	5.403952	2
CAACA	1981635	1.8135827	5.1455474	4
GTCAC	1482915	1.8100011	21.255377	29
CTCGT	1425540	1.7531894	19.666523	44
ACACG	1420950	1.721292	20.593422	13
CGGCG	793210	1.6834035	6.0882907	1
CACGT	1366690	1.6681406	20.429508	14
GTCTG	1326370	1.6676342	21.154013	17
GCACA	1367475	1.6565142	20.705055	11
TCTCG	1285665	1.5811653	19.80308	43
CACCC	1029250	1.579012	25.072805	31
CCGTC	998105	1.5773	25.009647	34
GGAAG	1243220	1.5739725	20.907759	5
GAGCA	1253170	1.5519314	21.735489	9
TCCAG	1271350	1.5517715	21.17407	25
CGTCT	1257760	1.5468465	20.40526	16
TGAAC	1632000	1.538535	15.86449	20
ACGTC	1247090	1.5221604	20.384106	15
AGAGC	1201475	1.487912	21.202692	8
GAACT	1569255	1.4793833	15.77629	21
AACTC	1551455	1.4306707	15.39505	22
AGCAC	1156310	1.4007158	20.872261	10
CTCCA	1153525	1.3772188	19.627241	24
CTGAA	1460370	1.3767341	15.859717	19
AAGAG	1411665	1.3502641	16.039995	7
CAGTC	1102690	1.3459102	19.962713	27
CCAGT	1097345	1.3393862	19.875757	26
ATCTC	1407975	1.3082246	14.95399	42
GTTTT	1755400	1.30752	5.331225	1
CGTCC	805605	1.2730932	24.65657	35
CCCCA	816570	1.2527314	5.7239537	1
TCCCG	790810	1.2497127	24.41243	37
GATCG	1000575	1.2485299	20.416513	1
TCTGA	1289280	1.2246761	15.943724	18
CGATC	996760	1.2166152	18.635078	40
GATCT	1243855	1.1815274	14.829961	41
CGGAA	949410	1.1757536	20.315163	4
CCCGA	745270	1.1688664	23.681581	38
CCCGT	731755	1.1563886	24.647993	33
TATGC	1212695	1.1519288	14.934892	48
TCGTA	1192550	1.1327931	14.771957	45
AGTCA	1195125	1.1266799	15.429047	28
ACCCG	700345	1.0984069	24.8623	32
GTCCC	676735	1.0694406	24.347399	36
ATCGG	846500	1.0562732	20.22995	2
CCGAT	840755	1.0262002	18.404697	39
TCGGA	821135	1.0246224	20.360712	3
ACTCC	849615	1.014374	19.382517	23
GTATG	1032265	1.0024251	15.095268	47
CGTAT	968100	0.91959	14.812868	46
>>END_MODULE
