##FastQC	0.10.1
>>Basic Statistics	pass
#Measure	Value	
Filename	C2AFAACXX_Pc1_0d_13s004119-1-1_Hejnol_lane213s004119_sequence.txt.gz	
File type	Conventional base calls	
Encoding	Sanger / Illumina 1.9	
Total Sequences	40524220	
Filtered Sequences	0	
Sequence length	52	
%GC	45	
>>END_MODULE
>>Per base sequence quality	pass
#Base	Mean	Median	Lower Quartile	Upper Quartile	10th Percentile	90th Percentile
1	31.85069161109085	31.0	31.0	34.0	30.0	34.0
2	31.935957780310144	33.0	31.0	34.0	30.0	34.0
3	31.996225047638177	34.0	31.0	34.0	30.0	34.0
4	35.52617713555005	37.0	35.0	37.0	33.0	37.0
5	35.52744255163949	37.0	35.0	37.0	33.0	37.0
6	35.346807982979065	37.0	35.0	37.0	32.0	37.0
7	35.37764302434445	37.0	35.0	37.0	32.0	37.0
8	35.350187394106534	37.0	35.0	37.0	32.0	37.0
9	36.942959667083045	39.0	37.0	39.0	33.0	39.0
10	36.90401989230144	39.0	37.0	39.0	33.0	39.0
11	36.92932414245111	39.0	37.0	39.0	33.0	39.0
12	36.91314075878574	39.0	37.0	39.0	33.0	39.0
13	36.8759771070239	39.0	37.0	39.0	32.0	39.0
14	38.101799541113934	40.0	37.0	41.0	33.0	41.0
15	38.05807714497651	40.0	37.0	41.0	33.0	41.0
16	38.033284514791404	40.0	37.0	41.0	33.0	41.0
17	38.0444240752814	40.0	37.0	41.0	33.0	41.0
18	38.047106026963625	40.0	37.0	41.0	33.0	41.0
19	38.10759397713269	40.0	37.0	41.0	33.0	41.0
20	38.02258881232014	40.0	37.0	41.0	32.0	41.0
21	37.9874159453285	40.0	37.0	41.0	32.0	41.0
22	37.9289606314446	40.0	37.0	41.0	32.0	41.0
23	37.89842499127682	40.0	37.0	41.0	32.0	41.0
24	37.87268475494408	40.0	37.0	41.0	32.0	41.0
25	37.849234951345146	40.0	37.0	41.0	32.0	41.0
26	37.73625639185652	40.0	37.0	41.0	32.0	41.0
27	37.64516390445023	40.0	37.0	41.0	32.0	41.0
28	37.5518718435543	40.0	37.0	41.0	31.0	41.0
29	37.496048634619	40.0	37.0	41.0	31.0	41.0
30	37.40662717258963	40.0	37.0	41.0	31.0	41.0
31	37.37468612597602	40.0	36.0	41.0	31.0	41.0
32	37.29223646994316	40.0	36.0	41.0	31.0	41.0
33	37.23861981797552	40.0	36.0	41.0	31.0	41.0
34	37.112307405299845	39.0	36.0	41.0	30.0	41.0
35	37.04651211053538	39.0	36.0	41.0	30.0	41.0
36	36.86335571665537	39.0	36.0	41.0	30.0	41.0
37	36.85290569442176	39.0	36.0	41.0	30.0	41.0
38	36.77516919511344	39.0	36.0	41.0	30.0	41.0
39	36.64639514344755	39.0	35.0	41.0	30.0	41.0
40	36.51140878220482	39.0	35.0	41.0	30.0	41.0
41	36.404466119273856	39.0	35.0	41.0	30.0	41.0
42	36.3036979613673	39.0	35.0	41.0	30.0	41.0
43	36.171048178101884	39.0	35.0	40.0	29.0	41.0
44	36.077965892989425	39.0	35.0	40.0	29.0	41.0
45	35.94802925262966	38.0	35.0	40.0	29.0	41.0
46	35.813067247191924	38.0	35.0	40.0	28.0	41.0
47	35.64166256623817	38.0	34.0	40.0	28.0	41.0
48	35.40804005604549	38.0	34.0	40.0	28.0	41.0
49	35.23511248334946	38.0	34.0	40.0	27.0	41.0
50	35.03180443695153	38.0	34.0	40.0	27.0	41.0
51	34.78874169570691	38.0	34.0	40.0	27.0	41.0
52	34.537517292128015	38.0	33.0	40.0	26.0	41.0
>>END_MODULE
>>Per sequence quality scores	pass
#Quality	Count
2	22707.0
3	169.0
4	429.0
5	612.0
6	822.0
7	1018.0
8	1413.0
9	1918.0
10	2825.0
11	4415.0
12	7055.0
13	10964.0
14	17020.0
15	22785.0
16	29017.0
17	35293.0
18	43719.0
19	52485.0
20	64224.0
21	78915.0
22	96861.0
23	124378.0
24	161246.0
25	216329.0
26	293998.0
27	398373.0
28	532315.0
29	697031.0
30	894998.0
31	1114712.0
32	1365773.0
33	1663769.0
34	2056678.0
35	2584353.0
36	3343310.0
37	4491016.0
38	6799858.0
39	1.3163256E7
40	128161.0
>>END_MODULE
>>Per base sequence content	fail
#Base	G	A	T	C
1	30.171353924833543	13.699891560022504	17.384466250926604	38.74428826421735
2	22.0595102124764	24.420503040938627	33.52264315503339	19.997343591551584
3	23.259786693966745	25.10771936417553	27.252324186040706	24.380169755817025
4	24.520874183389587	30.842370315825946	20.440845005776794	24.195910495007677
5	26.451788379315893	32.295153483897494	22.579372119752975	18.673686017033635
6	22.470588043681687	35.958977938836476	22.727299199348046	18.84313481813379
7	17.309332542366022	19.605729610588433	41.80695396481413	21.277983882231418
8	20.235562831314212	26.320923635297603	27.364568645614895	26.078944887773286
9	23.462396068326548	22.076523619701995	30.60452489893698	23.856555413034478
10	21.12969448536577	39.872221980113395	21.832976758852222	17.16510677566861
11	27.265161426919505	26.785354536126793	20.0654818279044	25.884002209049306
12	22.054447932619063	23.14227886434335	27.61356048308888	27.189712719948712
13	20.58185959227858	28.624770773577808	29.701962528338594	21.091407105805015
14	20.934757041591425	27.043318785654602	28.19086215601435	23.83106201673962
15	21.528846206046655	29.431216689673484	26.51558500077238	22.524352103507482
16	21.958433746534787	27.125748502994014	26.480860088115204	24.434957662355995
17	24.61235281024533	26.56840773246222	26.127177771712816	22.692061685579638
18	21.888186867014344	26.717859097596453	29.753295683420927	21.64065835196828
19	21.743216772586862	26.326103253807233	27.322574006359652	24.608105967246257
20	21.692531034527008	26.95438925166234	29.333568912615714	22.01951080119494
21	24.331491089928566	27.00845584836812	27.15450459136186	21.505548470341456
22	22.262687774812836	29.591772850286507	26.36165110674589	21.78388826815477
23	21.729637556580077	30.13772683636625	26.50418449952906	21.62845110752461
24	21.401628402392095	27.96680230270671	26.55306457366543	24.07850472123576
25	21.914903676691736	27.06441847956927	28.958881504430394	22.0617963393086
26	21.80369682604246	26.758375921096594	27.48477781068318	23.953149442177764
27	21.697911474728798	26.717908360830833	26.480067067508433	25.10411309693193
28	21.59785473805106	29.577008476650168	26.771593036594766	22.053543748704005
29	24.494279467352165	27.439350859541374	26.46716420256573	21.599205470540735
30	22.001817876456357	27.166341025904366	29.22859487981085	21.603246217828424
31	21.555421144663743	26.48096642983101	27.430555444167965	24.533056981337285
32	21.589664742109	29.645114784364086	26.619987796402818	22.145232677124092
33	21.404019620858836	27.586186729812447	26.600378736469203	24.40941491285952
34	21.69793027478382	29.823130463707876	26.519256878972623	21.95968238253568
35	24.420013057908104	27.44809743100538	26.368584305705284	21.76330520538123
36	22.155301200121805	27.38561778610421	28.804621038973732	21.654459974800254
37	21.47498021613806	26.960849138234494	26.999961578505044	24.5642090671224
38	21.622347520115923	29.816286055601303	26.354906379869448	22.20646004441333
39	21.460327420271934	29.89414519023282	26.90429858356686	21.74122880592839
40	21.77364091135914	27.94445824416229	25.94521226315806	24.336688581320516
41	21.63347216509163	29.382324075664595	26.80398885302202	22.18021490622175
42	21.5928924540055	30.39201260072141	26.665221269089507	21.34987367618358
43	21.953295071306435	27.66316956192497	28.794765894094652	21.588769472673945
44	21.89594410728575	27.072934140717724	26.956659200021793	24.074462551974733
45	21.732974174861393	26.81464803140964	29.263452205252367	22.188925588476604
46	21.906700619425713	26.621185802075697	27.205491718037067	24.266621860461523
47	25.021860398305773	26.57581608102597	26.41991908389144	21.982404436776818
48	22.110612223957858	27.290594461040612	29.29042423986981	21.308369075131722
49	22.003764877448756	29.665966389820703	26.744054196507278	21.58621453622327
50	21.993181785708618	27.51059912330617	29.09299222141579	21.403226869569416
51	24.34181899355735	27.44135809849391	26.641529179298523	21.57529372865022
52	22.440007033025008	26.819758199782534	26.51156233655177	24.228672430640692
>>END_MODULE
>>Per base GC content	fail
#Base	%GC
1	68.9156421890509
2	42.05685380402798
3	47.63995644978377
4	48.71678467839726
5	45.12547439634953
6	41.31372286181548
7	38.58731642459744
8	46.3145077190875
9	47.31895148136102
10	38.29480126103439
11	53.14916363596881
12	49.24416065256778
13	41.6732666980836
14	44.76581905833104
15	44.05319830955413
16	46.393391408890785
17	47.304414495824965
18	43.528845218982624
19	46.351322739833115
20	43.71204183572195
21	45.83703956027003
22	44.04657604296761
23	43.35808866410469
24	45.48013312362785
25	43.976700016000336
26	45.75684626822023
27	46.80202457166073
28	43.65139848675506
29	46.093484937892896
30	43.605064094284785
31	46.08847812600103
32	43.73489741923309
33	45.81343453371836
34	43.6576126573195
35	46.18331826328934
36	43.80976117492206
37	46.03918928326046
38	43.82880756452926
39	43.201556226200324
40	46.110329492679654
41	43.81368707131338
42	42.94276613018908
43	43.54206454398037
44	45.97040665926048
45	43.921899763338004
46	46.17332247988724
47	47.00426483508259
48	43.41898129908957
49	43.589979413672026
50	43.39640865527804
51	45.91711272220757
52	46.6686794636657
>>END_MODULE
>>Per sequence GC content	warn
#GC Content	Count
0	444.0
1	374.5
2	305.0
3	378.0
4	451.0
5	925.0
6	1399.0
7	4388.0
8	7377.0
9	33167.0
10	58957.0
11	68850.5
12	78744.0
13	146558.5
14	185743.5
15	157114.0
16	158479.0
17	159844.0
18	181691.0
19	203538.0
20	323234.5
21	442931.0
22	432878.0
23	422825.0
24	511862.0
25	600899.0
26	693991.0
27	787083.0
28	887157.0
29	987231.0
30	1083102.0
31	1178973.0
32	1343077.5
33	1507182.0
34	1576663.5
35	1646145.0
36	1770568.5
37	1894992.0
38	1946541.0
39	2104086.0
40	2210082.0
41	2367424.5
42	2524767.0
43	2439951.5
44	2355136.0
45	2360011.0
46	2364886.0
47	2434760.5
48	2504635.0
49	2870867.5
50	3237100.0
51	2726731.5
52	2216363.0
53	2139109.0
54	2061855.0
55	1940844.0
56	1819833.0
57	1690466.0
58	1561099.0
59	1441908.0
60	1322717.0
61	1186415.5
62	1050114.0
63	946021.0
64	745046.0
65	648164.0
66	559737.5
67	471311.0
68	406459.5
69	341608.0
70	292396.5
71	243185.0
72	202439.5
73	161694.0
74	133871.0
75	106048.0
76	83369.0
77	60690.0
78	48813.0
79	36936.0
80	28005.0
81	19074.0
82	13973.0
83	8872.0
84	6539.0
85	4206.0
86	3004.0
87	1802.0
88	1234.0
89	476.5
90	287.0
91	205.5
92	124.0
93	98.0
94	72.0
95	60.0
96	48.0
97	32.0
98	16.0
99	10.5
100	5.0
>>END_MODULE
>>Per base N content	pass
#Base	N-Count
1	0.03289390887720973
2	0.008249387650150947
3	0.006716970739967358
4	0.0
5	0.009971814386556978
6	0.0030697691405287995
7	0.0
8	0.0
9	0.0
10	0.0016335909734968373
11	0.0
12	0.0
13	0.0010438202141830244
14	0.0
15	0.0
16	0.0
17	0.0
18	0.0
19	0.0
20	0.0
21	1.9247748630325272E-4
22	0.0034868036941858474
23	4.688554153540771E-5
24	2.0728344678811833E-4
25	1.7767152581838714E-4
26	0.0015965760722846732
27	0.006566443475037891
28	7.674422851321999E-4
29	2.689749488083916E-4
30	3.454724113135305E-5
31	1.4065662460622315E-4
32	2.5416898832352603E-4
33	0.0
34	0.0
35	2.9118388953569004E-4
36	0.0
37	7.156214234351704E-5
38	8.636810282838263E-4
39	8.39004427475717E-5
40	1.0364172339405917E-4
41	0.0014583871077592612
42	4.7132307543488805E-4
43	7.822482456170655E-4
44	0.0010882380956376211
45	0.0014904666888098032
46	1.752038657375762E-4
47	6.662682218189517E-5
48	0.0011622678980619493
49	0.0017841182384263042
50	0.0031906844844885357
51	0.0016755411948706231
52	0.016789959189837583
>>END_MODULE
>>Sequence Length Distribution	pass
#Length	Count
52	4.052422E7
>>END_MODULE
>>Sequence Duplication Levels	fail
#Total Duplicate Percentage	76.3574674006849
#Duplication Level	Relative count
1	100.0
2	42.796186412427495
3	26.140076005067005
4	18.192879525301688
5	13.830922061470766
6	10.922394826321755
7	9.047269817987866
8	7.288819254616975
9	6.338755917061137
10++	98.79825321688112
>>END_MODULE
>>Overrepresented sequences	fail
#Sequence	Count	Percentage	Possible Source
GATCGGAAGAGCACACGTCTGAACTCCAGTCACAGTCAACAATCTCGTATGC	964817	2.3808403961877613	TruSeq Adapter, Index 8 (97% over 36bp)
AGATCGGAAGAGCACACGTCTGAACTCCAGTCACAGTCAACAATCTCGTATG	169595	0.41850281140513007	TruSeq Adapter, Index 8 (97% over 36bp)
CCCCAACAAAAATTAACTTAATCAATATTATTTAACCTAATAAATAGAAACT	48513	0.11971359350038077	No Hit
CTCGTCTTTCATTAATAATTAGGCATCTTCACCTAAAATGTAAATTTAATAT	48003	0.11845508685916718	No Hit
CAAAAATTAACTTAATCAATATTATTTAACCTAATAAATAGAAACTAATAAA	42799	0.1056133837986271	No Hit
>>END_MODULE
>>Kmer Content	fail
#Sequence	Count	Obs/Exp Overall	Obs/Exp Max	Max Obs/Exp Position
CACAC	4603595	2.5853415	31.411036	12
CAGTC	4271520	2.4971979	31.445164	27
GAAGA	4580455	2.2298467	26.82387	6
TTTTT	6157640	2.1775348	6.763189	2
CAACA	4623850	2.1569138	25.376328	37
AGTCA	4399730	2.1365092	26.120203	28
CACAG	3616600	2.0748656	31.009993	31
GCACA	3595225	2.0626023	31.987411	11
GTCAC	3507735	2.050677	32.132114	29
CACGT	3483795	2.0366814	32.073963	14
ACACG	3541585	2.031829	31.59846	13
TTTTA	5788065	2.008645	5.0838885	2
GTCTG	3282695	1.9977943	33.324863	17
CTCGT	3299220	1.9654539	31.950006	44
GAGCA	3283260	1.9242585	33.318737	9
AAAAT	5858730	1.9214545	5.5437684	3
CGTCT	3174145	1.8909426	32.354347	16
AACAA	4878780	1.8903775	21.228285	38
GGAAG	3137835	1.8786978	32.549953	5
TCACA	3949785	1.8775154	26.163599	30
AAAAA	5768960	1.8567059	5.20596	2
TCCAG	3141020	1.8362896	32.049206	25
TCTCG	3064495	1.8256207	32.104214	43
ACGTC	3109590	1.8179152	31.904762	15
AGCAC	3141850	1.8024985	32.31021	10
TGAAC	3667905	1.7811348	26.582783	20
CTCCA	3070775	1.7573159	30.829992	24
CCAGT	2981410	1.7429792	31.37179	26
AGAGC	2972240	1.7419753	32.707077	8
CTGAA	3564960	1.731145	26.586813	19
AAGAG	3462615	1.6856623	26.770405	7
ACAGT	3464365	1.6822962	25.90387	32
GAACT	3395315	1.6487654	26.473997	21
AACTC	3398705	1.6155618	25.861748	22
TCAAC	3372710	1.6032052	25.021708	36
ATCTC	3263045	1.5805719	26.214808	42
GTCAA	3230135	1.5685538	25.617575	35
ACAAT	3952750	1.5606939	21.499739	39
GATCG	2595970	1.5503824	32.3567	1
TCTGA	3077275	1.5227414	26.959007	18
CAATC	3152015	1.4982988	25.57667	40
GTTTT	3300050	1.4084802	5.7142034	1
CGGAA	2398105	1.4054854	31.676388	4
ACTCC	2453230	1.4039125	30.686726	23
TCGTA	2805505	1.3882602	26.27675	45
GTATG	2739160	1.3846688	26.899006	47
TCGGA	2304525	1.3763238	32.26625	3
ATCGG	2301825	1.3747113	32.124916	2
AATCT	3379465	1.3597134	21.869402	41
TATGC	2703980	1.3380222	26.413456	48
CGTAT	2467615	1.2210606	26.241535	46
>>END_MODULE
