##FastQC	0.10.1
>>Basic Statistics	pass
#Measure	Value	
Filename	C2AFAACXX_Pc2_1d_13s004126-1-1_Hejnol_lane213s004126_sequence.txt.gz	
File type	Conventional base calls	
Encoding	Sanger / Illumina 1.9	
Total Sequences	13153749	
Filtered Sequences	0	
Sequence length	52	
%GC	46	
>>END_MODULE
>>Per base sequence quality	pass
#Base	Mean	Median	Lower Quartile	Upper Quartile	10th Percentile	90th Percentile
1	31.884674247623245	31.0	31.0	34.0	30.0	34.0
2	31.969418148392524	33.0	31.0	34.0	30.0	34.0
3	32.02864529344448	34.0	31.0	34.0	30.0	34.0
4	35.55738443845933	37.0	35.0	37.0	33.0	37.0
5	35.561674242073494	37.0	35.0	37.0	33.0	37.0
6	35.384081602895115	37.0	35.0	37.0	32.0	37.0
7	35.41216340679756	37.0	35.0	37.0	33.0	37.0
8	35.38289813801373	37.0	35.0	37.0	32.0	37.0
9	36.98648468965008	39.0	37.0	39.0	33.0	39.0
10	36.93756966169873	39.0	37.0	39.0	33.0	39.0
11	36.97210263020832	39.0	37.0	39.0	33.0	39.0
12	36.94937519333842	39.0	37.0	39.0	33.0	39.0
13	36.903869079454076	39.0	37.0	39.0	32.0	39.0
14	38.11964991881782	40.0	37.0	41.0	33.0	41.0
15	38.06507285489483	40.0	37.0	41.0	33.0	41.0
16	38.05992998650043	40.0	37.0	41.0	33.0	41.0
17	38.067603464229094	40.0	37.0	41.0	33.0	41.0
18	38.08186799063902	40.0	37.0	41.0	33.0	41.0
19	38.13720521807129	40.0	37.0	41.0	33.0	41.0
20	38.04630892683143	40.0	37.0	41.0	33.0	41.0
21	38.00417113022303	40.0	37.0	41.0	32.0	41.0
22	37.93322854191607	40.0	37.0	41.0	32.0	41.0
23	37.906048001980274	40.0	37.0	41.0	32.0	41.0
24	37.874223918975495	40.0	37.0	41.0	32.0	41.0
25	37.85277452078491	40.0	37.0	41.0	32.0	41.0
26	37.7441277768034	40.0	37.0	41.0	32.0	41.0
27	37.64240673894568	40.0	37.0	41.0	32.0	41.0
28	37.52969392984464	40.0	37.0	41.0	31.0	41.0
29	37.47455596119403	40.0	37.0	41.0	31.0	41.0
30	37.393494584699766	40.0	37.0	41.0	31.0	41.0
31	37.35779312802761	40.0	36.0	41.0	31.0	41.0
32	37.27218650743602	40.0	36.0	41.0	31.0	41.0
33	37.21087835870975	39.0	36.0	41.0	31.0	41.0
34	37.083054040334815	39.0	36.0	41.0	30.0	41.0
35	36.957571715865946	39.0	36.0	41.0	30.0	41.0
36	36.89252539333083	39.0	36.0	41.0	30.0	41.0
37	36.86205810982101	39.0	36.0	41.0	30.0	41.0
38	36.709767458691815	39.0	35.0	41.0	30.0	41.0
39	36.55148452353774	39.0	35.0	41.0	30.0	41.0
40	36.4270049550132	39.0	35.0	41.0	30.0	41.0
41	36.266298680323004	39.0	35.0	41.0	30.0	41.0
42	36.16727854545499	39.0	35.0	40.0	29.0	41.0
43	36.045110941374965	38.0	35.0	40.0	29.0	41.0
44	35.939874099771856	38.0	35.0	40.0	29.0	41.0
45	35.80491637783266	38.0	35.0	40.0	28.0	41.0
46	35.65264937015295	38.0	34.0	40.0	28.0	41.0
47	35.45421795717708	38.0	34.0	40.0	28.0	41.0
48	35.22473053119685	38.0	34.0	40.0	27.0	41.0
49	35.02692555559636	38.0	34.0	40.0	27.0	41.0
50	34.82400812118279	38.0	34.0	40.0	27.0	41.0
51	34.565472398781516	38.0	33.0	40.0	26.0	41.0
52	34.301467133058416	38.0	33.0	40.0	26.0	41.0
>>END_MODULE
>>Per sequence quality scores	pass
#Quality	Count
2	3606.0
3	36.0
4	86.0
5	158.0
6	215.0
7	281.0
8	391.0
9	567.0
10	912.0
11	1361.0
12	2279.0
13	3865.0
14	5752.0
15	7737.0
16	9939.0
17	12372.0
18	15219.0
19	18455.0
20	22532.0
21	27353.0
22	33803.0
23	42227.0
24	54171.0
25	72022.0
26	97359.0
27	131013.0
28	173924.0
29	226952.0
30	290623.0
31	360757.0
32	444931.0
33	543158.0
34	673692.0
35	848961.0
36	1105227.0
37	1493362.0
38	2234566.0
39	4152684.0
40	41201.0
>>END_MODULE
>>Per base sequence content	fail
#Base	G	A	T	C
1	30.43564097266009	13.108037084325552	17.842084301598028	38.61423764141633
2	22.907620180758776	23.79938608648725	33.0027058390515	20.290287893702473
3	24.04463181052396	24.75139819389865	26.362431717327507	24.84153827824988
4	25.318523259034365	30.717980098297453	19.700026205456712	24.263470437211478
5	26.782609211344454	31.926204685763864	22.288665352740033	19.002520750151643
6	22.268071819947902	35.69320098623982	22.57215305586931	19.466574137942963
7	17.658874287475	18.89335884393111	41.56769298243413	21.880073886159757
8	20.962312721643084	25.301858808465937	26.926566714934275	26.809261754956704
9	23.589487681420714	21.423314372199133	30.463444300176324	24.52375364620383
10	21.569177217119375	39.04135182437158	21.743305206817663	17.646165751691388
11	27.433889760250104	26.08985468705538	19.757720783633626	26.7185347690609
12	22.48806024807072	22.80219122320184	27.32259069258506	27.38715783614238
13	21.230855337637202	27.967687327599496	29.322806735585182	21.478650599178124
14	21.515653065905394	26.501638430230045	27.95072340212665	24.031985101737916
15	22.138882230457643	28.592205917871777	26.396375664458855	22.872536187211722
16	22.61822846095056	26.544531144694943	26.216677845989	24.620562548365488
17	24.76066709194466	26.32540730403172	25.957474177133832	22.956451426889778
18	22.31405662370477	26.505029098548256	28.936176294682227	22.244737983064752
19	22.402236807164254	25.95985372687285	26.854009453882693	24.783900012080206
20	22.420961506867737	26.54727560940991	28.617286220073073	22.41447666364928
21	24.515490674881327	26.646811700416308	26.706923972838105	22.130773651864263
22	22.62235920853632	28.796178236930793	26.14498064022104	22.43648191431185
23	22.444321336210386	29.107218731832635	26.166381462545584	22.282078469411392
24	22.094674836017834	27.3952830215216	26.255939670893024	24.254102471567542
25	22.565220118255475	26.666575437756222	28.275100779437	22.493103664551295
26	22.484893597756162	26.50343493369726	26.856488475450202	24.15518299309638
27	22.241438127947216	26.41258638699351	26.370899689854927	24.975075795204347
28	22.28053818139355	28.795240736550937	26.43127768817008	22.49294339388543
29	24.711676379643187	26.857496999515497	26.208501343613428	22.222325277227892
30	22.451083128879503	26.835735893902147	28.498380385082754	22.214800592135592
31	22.214525206430086	26.239095581047106	26.87649667656931	24.669882535953498
32	22.257876711912196	28.93138453996864	26.308642001588602	22.50209674653056
33	22.0620752304153	26.972211496509473	26.382866207953338	24.58284706512189
34	24.511042441208204	26.83150636369905	26.260095125731837	22.39735606936091
35	22.676708036215164	26.68592459454617	28.259989172642225	22.377378196596446
36	22.23138057446588	26.997694725663386	28.517687238824458	22.253237461046275
37	22.20238671300989	26.55657832347137	28.81947102645111	22.421563937067628
38	22.434415297546177	26.773678371437743	26.37717972950299	24.414726601513088
39	24.404068774046866	26.477075989256594	26.577952234273123	22.54090300242342
40	24.85781801542238	27.026448217279025	25.875992236733257	22.239741530565336
41	22.621639799814027	28.61455320605381	26.542431183506167	22.221375810626
42	22.15992791071767	29.331672658521878	26.569344919132572	21.93905451162788
43	22.54134023636025	27.068334644756398	28.209706051172105	22.180619067711245
44	22.585435703748136	26.75785079451603	26.408775388952304	24.24793811278353
45	22.367177542497068	26.601424481822594	28.511539275883973	22.519858699796366
46	22.53950630855662	26.41641658535888	26.56378932137991	24.480287784704586
47	25.11226089869234	26.454678192519328	26.106784582993697	22.326276325794638
48	22.47130498868256	27.06219509756764	28.50916095701	21.957338956739804
49	22.49698293367563	29.062350372592675	26.136658925764735	22.304007767966958
50	22.574266548906888	27.040891771065446	28.353775937061116	22.031065742966554
51	24.55799477569542	27.14267153258812	26.08260556241937	22.216728129297092
52	22.814891211996283	26.645711962901387	26.19014561182255	24.349251213279782
>>END_MODULE
>>Per base GC content	fail
#Base	%GC
1	69.04987861407642
2	43.19790807446125
3	48.88617008877384
4	49.58199369624584
5	45.785129961496104
6	41.73464595789086
7	39.53894817363476
8	47.77157447659979
9	48.11324132762454
10	39.21534296881076
11	54.15242452931099
12	49.8752180842131
13	42.709505936815326
14	45.547638167643306
15	45.01141841766936
16	47.23879100931605
17	47.71711851883444
18	44.558794606769524
19	47.18613681924446
20	44.83543817051701
21	46.64626432674559
22	45.05884112284818
23	44.72639980562178
24	46.34877730758538
25	45.05832378280677
26	46.64007659085254
27	47.21651392315157
28	44.77348157527898
29	46.934001656871075
30	44.6658837210151
31	46.88440774238358
32	44.75997345844276
33	46.64492229553719
34	46.908398510569114
35	45.054086232811606
36	44.484618035512156
37	44.62395065007752
38	46.84914189905926
39	46.94497177647028
40	47.097559545987714
41	44.84301561044003
42	44.09898242234555
43	44.7219593040715
44	46.83337381653166
45	44.88703624229343
46	47.01979409326121
47	47.43853722448698
48	44.428643945422365
49	44.80099070164259
50	44.605332291873445
51	46.77472290499251
52	47.16414242527606
>>END_MODULE
>>Per sequence GC content	fail
#GC Content	Count
0	76.0
1	76.0
2	76.0
3	122.0
4	168.0
5	590.0
6	1012.0
7	2265.0
8	3518.0
9	9367.0
10	15216.0
11	16202.0
12	17188.0
13	33646.5
14	58424.5
15	66744.0
16	61289.5
17	55835.0
18	63593.0
19	71351.0
20	98483.5
21	125616.0
22	121614.5
23	117613.0
24	145923.5
25	174234.0
26	201226.5
27	228219.0
28	261753.5
29	295288.0
30	323423.0
31	351558.0
32	392774.0
33	433990.0
34	462377.5
35	490765.0
36	531120.5
37	571476.0
38	595302.0
39	656832.0
40	694536.0
41	739080.0
42	783624.0
43	774567.5
44	765511.0
45	773417.5
46	781324.0
47	773942.5
48	766561.0
49	773618.0
50	780675.0
51	890358.5
52	1000042.0
53	845636.5
54	691231.0
55	655488.5
56	619746.0
57	581511.0
58	543276.0
59	509545.0
60	475814.0
61	434074.5
62	392335.0
63	358105.5
64	288957.5
65	254039.0
66	222942.5
67	191846.0
68	166237.5
69	140629.0
70	120577.5
71	100526.0
72	83543.5
73	66561.0
74	54320.0
75	42079.0
76	32995.5
77	23912.0
78	18963.0
79	14014.0
80	10486.0
81	6958.0
82	5063.5
83	3169.0
84	2267.5
85	1366.0
86	955.0
87	544.0
88	373.0
89	152.5
90	103.0
91	71.0
92	39.0
93	30.0
94	21.0
95	15.0
96	9.0
97	7.0
98	5.0
99	2.5
100	0.0
>>END_MODULE
>>Per base N content	pass
#Base	N-Count
1	0.03319205802087298
2	0.008225791749561284
3	0.00675092705509281
4	0.0
5	0.009997149861989916
6	0.0027064527383029733
7	0.0
8	0.0
9	0.0
10	0.001566093438456215
11	0.0
12	0.0
13	0.001125154509182135
14	0.0
15	0.0
16	0.0
17	0.0
18	0.0
19	0.0
20	0.0
21	2.2046946463704E-4
22	0.0034058731088756522
23	9.122874398774068E-5
24	2.4327665063397514E-4
25	1.8245748797548136E-4
26	0.001672526973108579
27	0.006629288729775823
28	8.894802538804716E-4
29	3.0409581329246896E-4
30	3.801197666155862E-5
31	1.6725269731085793E-4
32	2.8128862729553375E-4
33	0.0
34	0.0
35	2.4327665063397514E-4
36	0.0
37	7.602395332311724E-5
38	8.362634865542895E-4
39	6.0819162658493786E-5
40	6.0819162658493786E-5
41	0.0013684311598161102
42	4.561437199387034E-4
43	7.526371378988605E-4
44	0.0010947449278528882
45	0.0014748646944684745
46	2.052646739724165E-4
47	1.1403592998467584E-4
48	0.001185973671840629
49	0.0018473820657517487
50	0.0031778012489063006
51	0.0017333461357670731
52	0.016778486498411974
>>END_MODULE
>>Sequence Length Distribution	pass
#Length	Count
52	1.3153749E7
>>END_MODULE
>>Sequence Duplication Levels	fail
#Total Duplicate Percentage	58.89536158087306
#Duplication Level	Relative count
1	100.0
2	34.04399323181049
3	17.39424703891709
4	10.292775470440445
5	6.864584935650925
6	4.855663231297749
7	3.6681536173921963
8	2.697020971132646
9	2.177100958826847
10++	23.103112341691023
>>END_MODULE
>>Overrepresented sequences	fail
#Sequence	Count	Percentage	Possible Source
GATCGGAAGAGCACACGTCTGAACTCCAGTCACGTTTCGGAATCTCGTATGC	265021	2.0147944133645854	TruSeq Adapter, Index 9 (97% over 36bp)
AGATCGGAAGAGCACACGTCTGAACTCCAGTCACGTTTCGGAATCTCGTATG	28116	0.21374894716327644	TruSeq Adapter, Index 9 (97% over 36bp)
CCCCAACAAAAATTAACTTAATCAATATTATTTAACCTAATAAATAGAAACT	13382	0.10173525433699547	No Hit
>>END_MODULE
>>Kmer Content	fail
#Sequence	Count	Obs/Exp Overall	Obs/Exp Max	Max Obs/Exp Position
CACAC	1464965	2.5431457	26.628895	12
CACGT	1352070	2.383259	26.310041	14
GAAGA	1401215	2.1396823	22.836123	6
TTTTT	1835355	2.1160347	6.1621876	2
AAAAT	1743455	1.9616541	5.526817	3
GCACA	1117545	1.9578947	26.707151	11
AAAAA	1739330	1.9451181	5.498789	2
ACACG	1067235	1.8697535	26.337994	13
CGGAA	1048435	1.8537283	25.841255	4
GTCAC	1041380	1.8356137	26.579624	29
GAGCA	1023875	1.8103039	27.60745	9
TCGGA	1016520	1.8082908	25.972542	3
CTCGT	1008125	1.7878629	25.981081	44
GTCTG	976110	1.7470239	26.728031	17
GGAAG	971580	1.733658	26.20809	5
CGGCG	703500	1.6829414	5.071178	1
AGCAC	958560	1.6793592	26.993572	10
TCCAG	934540	1.6472896	26.507824	25
CGTCT	928430	1.6465274	26.237278	16
TCTCG	922565	1.6361262	26.113419	43
AGAGC	924325	1.6342905	26.85051	8
CTCCA	933325	1.6301392	25.788984	24
ACGTC	924005	1.6287199	26.243628	15
TCACG	920380	1.62233	25.832106	30
TGAAC	1065525	1.6220928	22.696228	20
CTGAA	1024145	1.5590982	22.666216	19
CCAGT	881090	1.5530746	25.891016	26
CAGTC	874055	1.5406743	25.897217	27
AAGAG	1004330	1.5336317	22.690065	7
GTTTC	988310	1.523003	22.451899	34
GAACT	984005	1.4979913	22.599815	21
ATCTC	981080	1.4889631	22.550457	42
AACTC	975340	1.4712545	22.368172	22
GGAAT	945735	1.4529871	22.162691	39
GATCG	791255	1.4075662	26.03475	1
TCTGA	908980	1.3922399	22.721348	18
CGTTT	900540	1.3877479	22.272717	33
ACGTT	889130	1.3618369	22.142487	32
GTTTT	1016910	1.3616886	5.428905	1
AGTCA	893705	1.360524	22.302868	28
TTCGG	728980	1.3047152	25.536762	36
AATCT	989430	1.2968942	19.312063	41
TCGTA	829920	1.2711478	22.124771	45
ACTCC	724285	1.2650313	25.633465	23
TTTCG	814850	1.2556981	22.103168	35
GTATG	807435	1.2480952	22.381006	47
GAATC	813560	1.2385159	21.943478	40
TATGC	796320	1.2196844	22.148542	48
ATCGG	681355	1.2120646	25.827833	2
CGTAT	710825	1.0887358	22.04	46
>>END_MODULE
