##FastQC	0.10.1
>>Basic Statistics	pass
#Measure	Value	
Filename	C2AFAACXX_Pc2_9d_13s004130-1-1_Hejnol_lane213s004130_sequence.txt.gz	
File type	Conventional base calls	
Encoding	Sanger / Illumina 1.9	
Total Sequences	14976016	
Filtered Sequences	0	
Sequence length	52	
%GC	44	
>>END_MODULE
>>Per base sequence quality	pass
#Base	Mean	Median	Lower Quartile	Upper Quartile	10th Percentile	90th Percentile
1	31.894741098033016	33.0	31.0	34.0	30.0	34.0
2	32.00527623635018	33.0	31.0	34.0	30.0	34.0
3	32.04885665186255	34.0	31.0	34.0	30.0	34.0
4	35.57344096053316	37.0	35.0	37.0	33.0	37.0
5	35.578002387283775	37.0	35.0	37.0	33.0	37.0
6	35.40392284570209	37.0	35.0	37.0	32.0	37.0
7	35.43622976898529	37.0	35.0	37.0	33.0	37.0
8	35.40956433273041	37.0	35.0	37.0	33.0	37.0
9	37.01299938515023	39.0	37.0	39.0	33.0	39.0
10	36.96742705135999	39.0	37.0	39.0	33.0	39.0
11	36.99759882735168	39.0	37.0	39.0	33.0	39.0
12	36.977096311862915	39.0	37.0	39.0	33.0	39.0
13	36.94031196280773	39.0	37.0	39.0	33.0	39.0
14	38.16227052642038	40.0	37.0	41.0	33.0	41.0
15	38.11547663944803	40.0	37.0	41.0	33.0	41.0
16	38.10815726959694	40.0	37.0	41.0	33.0	41.0
17	38.113114395711115	40.0	37.0	41.0	33.0	41.0
18	38.117139097607804	40.0	37.0	41.0	33.0	41.0
19	38.184302687710804	40.0	37.0	41.0	33.0	41.0
20	38.09907374564771	40.0	37.0	41.0	33.0	41.0
21	38.059493125541536	40.0	37.0	41.0	33.0	41.0
22	37.99096522065682	40.0	37.0	41.0	32.0	41.0
23	37.96616262963394	40.0	37.0	41.0	32.0	41.0
24	37.93676208679264	40.0	37.0	41.0	32.0	41.0
25	37.92327111562915	40.0	37.0	41.0	32.0	41.0
26	37.815808690375334	40.0	37.0	41.0	32.0	41.0
27	37.718992287401406	40.0	37.0	41.0	32.0	41.0
28	37.621996597760045	40.0	37.0	41.0	32.0	41.0
29	37.57013774557933	40.0	37.0	41.0	31.0	41.0
30	37.48949987767107	40.0	37.0	41.0	31.0	41.0
31	37.45476520591324	40.0	37.0	41.0	31.0	41.0
32	37.37842207166445	40.0	36.0	41.0	31.0	41.0
33	37.32222989078003	40.0	36.0	41.0	31.0	41.0
34	37.16022685873199	39.0	36.0	41.0	31.0	41.0
35	37.12101329218665	39.0	36.0	41.0	31.0	41.0
36	37.04966441008076	39.0	36.0	41.0	30.0	41.0
37	36.99210050256357	39.0	36.0	41.0	30.0	41.0
38	36.87466953828041	39.0	36.0	41.0	30.0	41.0
39	36.73988055301223	39.0	35.0	41.0	30.0	41.0
40	36.63862037807652	39.0	35.0	41.0	30.0	41.0
41	36.51955747109245	39.0	35.0	41.0	30.0	41.0
42	36.34940828054671	39.0	35.0	41.0	30.0	41.0
43	36.261018885129396	39.0	35.0	41.0	30.0	41.0
44	36.12359575470539	39.0	35.0	40.0	29.0	41.0
45	35.99968008848281	38.0	35.0	40.0	29.0	41.0
46	35.85292310050951	38.0	35.0	40.0	29.0	41.0
47	35.66601798502352	38.0	34.0	40.0	28.0	41.0
48	35.47404162762647	38.0	34.0	40.0	28.0	41.0
49	35.27980692595414	38.0	34.0	40.0	28.0	41.0
50	35.0814738712886	38.0	34.0	40.0	27.0	41.0
51	34.833576433144835	38.0	34.0	40.0	27.0	41.0
52	34.58041444400166	38.0	33.0	40.0	26.0	41.0
>>END_MODULE
>>Per sequence quality scores	pass
#Quality	Count
2	1863.0
3	22.0
4	51.0
5	105.0
6	172.0
7	239.0
8	374.0
9	547.0
10	800.0
11	1367.0
12	2294.0
13	3755.0
14	5761.0
15	8147.0
16	10263.0
17	12653.0
18	15483.0
19	18980.0
20	23194.0
21	28142.0
22	34810.0
23	44110.0
24	57616.0
25	76946.0
26	104743.0
27	142065.0
28	190437.0
29	249852.0
30	320950.0
31	403934.0
32	495015.0
33	607536.0
34	753310.0
35	950691.0
36	1235483.0
37	1676067.0
38	2544842.0
39	4895715.0
40	57682.0
>>END_MODULE
>>Per base sequence content	fail
#Base	G	A	T	C
1	27.896460769108533	14.227139217826226	19.560750065075723	38.31564994798952
2	23.139833044380417	23.027350425295687	33.67951588933858	20.153300640985318
3	23.159311418206123	24.227181213857566	28.869920326294178	23.743587041642133
4	24.156250901441346	29.972550777189337	21.173134430411935	24.698063890957382
5	26.540175454518316	32.499134026632916	23.067066306614073	17.893624212234695
6	21.627540070296927	36.4136534189338	22.780574211990835	19.178232298778433
7	16.952118640898888	19.996379544466297	42.38860321730426	20.66289859733056
8	19.83733190455993	26.316685292002894	27.842925648583712	26.003057154853465
9	22.835098466775143	22.441282114014836	31.41105752023769	23.31256189897233
10	20.424179886855896	39.91751608882322	22.50075438530068	17.157549639020207
11	26.373469419370277	27.68160771195757	20.588773409430118	25.356149459242033
12	21.402140596003637	24.114083478543293	28.119461143738096	26.364314781714977
13	20.30996509053224	28.836949815303008	30.20676581276025	20.646319281404498
14	20.675291746483175	27.341884517217395	29.073853820668994	22.908969915630433
15	21.114594161758372	29.914043895252252	27.231327744307965	21.740034198681414
16	21.70380961131452	27.536342108608856	26.96347947277834	23.796368807298283
17	23.87614302762497	27.382703116770173	26.663179312842615	22.07797454276224
18	21.186696114640906	27.319802542946004	29.989137297930235	21.504364044482855
19	21.403188938900705	26.86539597714105	27.900718054788403	23.83069702916984
20	21.526566210933535	27.34410139519082	29.93082405894866	21.198508334926995
21	23.962476490715343	27.63846522949589	27.472432888946702	20.926625390842066
22	21.593988587370784	29.92232988314592	27.064338021096436	21.419343508386856
23	21.69860619732575	30.01807290701234	26.904319228461947	21.379001667199965
24	21.1072228136874	28.29429930251031	27.184716711921318	23.413761171880967
25	21.682589489254397	27.53448386844327	29.170309164243452	21.612617478058876
26	21.58196100637162	27.066636929762588	28.00326260134697	23.348139462518812
27	21.321464903221205	27.252131841984394	27.198062006755492	24.22834124803891
28	21.43976226341744	29.69048343862804	27.38401817907074	21.485736118883782
29	24.03187534371744	27.859982836497206	26.909279429357603	21.198862390427756
30	21.514352419055218	27.894889507300075	29.355912642164018	21.23484543148069
31	21.143366949125323	26.94903050528122	28.069329874999305	23.83827267059415
32	21.46952366796381	29.773987442025508	27.18319907168692	21.573289818323765
33	21.224670165950677	27.688865984117538	27.30194064963606	23.784523200295727
34	21.257362438715344	30.439283718713977	27.047033069409114	21.256320773161566
35	21.69498146197493	27.779834034178073	28.918724824260188	21.606459679586802
36	21.455525955634663	27.93710289839434	28.8466705697964	21.7607005761746
37	21.33447426918118	27.347471055374562	27.295861848382845	24.022192827061414
38	21.55419039924145	27.57036972736196	27.0115719255604	23.86386794783619
39	21.221828859744942	27.31898064430918	29.72986327665802	21.72932721928786
40	21.525388214372807	28.435055172260903	28.761991516562098	21.277565096804192
41	21.152371983004073	27.42061471876272	29.996619885490105	21.430393412743097
42	21.185699263539504	30.243838857432543	27.453799944390862	21.116661934637094
43	21.671444339609415	28.180591363062412	28.869871680585685	21.278092616742487
44	21.79345284682045	27.53022977009102	27.30956832395125	23.36674905913728
45	21.50146946986303	27.571064775198455	29.399092897084895	21.528372857853622
46	21.80329921317415	27.232634626280255	27.28057801835537	23.683488142190217
47	24.596518031171186	27.08747523539314	26.98296141629179	21.33304531714389
48	21.62317457097464	28.0329487522689	29.328733843251637	21.01514283350482
49	21.741943962073176	29.872949573398017	26.692856054433474	21.692250410095337
50	21.930859227468268	27.591303235291132	29.256486154270227	21.22135138297037
51	24.016631110387575	28.101531077928517	26.27571742630722	21.60612038537669
52	21.84989351590002	27.61282409296844	26.810545255091345	23.726737136040192
>>END_MODULE
>>Per base GC content	fail
#Base	%GC
1	66.21211071709806
2	43.29313368536573
3	46.90289845984825
4	48.85431479239873
5	44.43379966675302
6	40.80577236907536
7	37.61501723822945
8	45.8403890594134
9	46.14766036574747
10	37.5817295258761
11	51.72961887861231
12	47.766455377718614
13	40.95628437193674
14	43.58426166211361
15	42.85462836043978
16	45.500178418612805
17	45.95411757038721
18	42.691060159123765
19	45.233885968070545
20	42.72507454586052
21	44.88910188155741
22	43.01333209575764
23	43.07760786452571
24	44.52098398556837
25	43.29520696731328
26	44.93010046889043
27	45.549806151260114
28	42.92549838230122
29	45.230737734145194
30	42.74919785053591
31	44.98163961971947
32	43.04281348628758
33	45.0091933662464
34	42.51368321187691
35	43.30144114156174
36	43.21622653180926
37	45.35666709624259
38	45.41805834707764
39	42.951156079032806
40	42.802953311177
41	42.582765395747174
42	42.3023611981766
43	42.9495369563519
44	45.160201905957734
45	43.02984232771666
46	45.48678735536436
47	45.92956334831507
48	42.63831740447946
49	43.43419437216851
50	43.152210610438644
51	45.62275149576426
52	45.576630651940214
>>END_MODULE
>>Per sequence GC content	warn
#GC Content	Count
0	222.0
1	213.0
2	204.0
3	341.5
4	479.0
5	1542.0
6	2605.0
7	4463.5
8	6322.0
9	18991.0
10	31660.0
11	31372.0
12	31084.0
13	60737.5
14	104552.0
15	118713.0
16	111863.0
17	105013.0
18	118132.0
19	131251.0
20	180583.5
21	229916.0
22	217599.5
23	205283.0
24	248627.0
25	291971.0
26	324937.5
27	357904.0
28	403405.0
29	448906.0
30	463101.0
31	477296.0
32	528142.0
33	578988.0
34	609399.5
35	639811.0
36	670271.5
37	700732.0
38	702239.0
39	737776.5
40	771807.0
41	821270.0
42	870733.0
43	829133.5
44	787534.0
45	802523.5
46	817513.0
47	947288.0
48	1077063.0
49	905832.0
50	734601.0
51	716692.5
52	698784.0
53	688537.0
54	678290.0
55	662234.0
56	646178.0
57	609169.5
58	572161.0
59	546075.5
60	519990.0
61	472022.0
62	424054.0
63	391527.5
64	322384.0
65	285767.0
66	246019.5
67	206272.0
68	174276.5
69	142281.0
70	120911.0
71	99541.0
72	81540.0
73	63539.0
74	51178.0
75	38817.0
76	27830.5
77	16844.0
78	12049.5
79	7255.0
80	5196.5
81	3138.0
82	2208.0
83	1278.0
84	933.5
85	589.0
86	426.5
87	264.0
88	188.5
89	82.5
90	52.0
91	40.5
92	29.0
93	23.0
94	17.0
95	14.0
96	11.0
97	6.5
98	2.0
99	1.5
100	1.0
>>END_MODULE
>>Per base N content	pass
#Base	N-Count
1	0.03335332975071608
2	0.008400097863143309
3	0.007098015920923162
4	0.0
5	0.010263076642012136
6	0.0026509052874943506
7	0.0
8	0.0
9	0.0
10	0.0016493037934788533
11	0.0
12	0.0
13	9.081186879073848E-4
14	0.0
15	0.0
16	0.0
17	0.0
18	0.0
19	0.0
20	0.0
21	1.2019217928185973E-4
22	0.0033453489900117633
23	5.341874634749322E-5
24	1.6025623904247966E-4
25	1.8696561221622626E-4
26	0.0015758530172510499
27	0.00626334800924358
28	7.545397921583417E-4
29	3.4722185125870593E-4
30	2.670937317374661E-5
31	1.268695225752964E-4
32	2.270296719768462E-4
33	0.0
34	0.0
35	2.7377107503090273E-4
36	0.0
37	4.0064059760619916E-5
38	7.745718220386516E-4
39	4.6741403054056566E-5
40	8.012811952123983E-5
41	0.0012820499123398373
42	4.006405976061992E-4
43	7.077983891042852E-4
44	8.880866580270747E-4
45	0.001382210061741387
46	1.402242091621697E-4
47	4.0064059760619916E-5
48	0.0010216335238958077
49	0.0015357889574904302
50	0.0028311935564171407
51	0.00151575692761012
52	0.01615249342682326
>>END_MODULE
>>Sequence Length Distribution	pass
#Length	Count
52	1.4976016E7
>>END_MODULE
>>Sequence Duplication Levels	fail
#Total Duplicate Percentage	66.96131626543048
#Duplication Level	Relative count
1	100.0
2	30.012968238445513
3	12.84918576470088
4	7.595986223904077
5	5.244695777881713
6	3.930864407500319
7	3.2016667375313577
8	2.5968366001955867
9	2.310897572175688
10++	44.85097155491305
>>END_MODULE
>>Overrepresented sequences	fail
#Sequence	Count	Percentage	Possible Source
GATCGGAAGAGCACACGTCTGAACTCCAGTCACATTCCTTTATCTCGTATGC	316792	2.115328936614384	TruSeq Adapter, Index 8 (97% over 36bp)
CCCCAACAAAAATTAACTTAATCAATATTATTTAACCTAATAAATAGAAACT	33243	0.22197492310371464	No Hit
CTCGTCTTTCATTAATAATTAGGCATCTTCACCTAAAATGTAAATTTAATAT	20419	0.136344672708683	No Hit
CTAAAATCCTCTCGTACTATTAAGATATATTTATTAATTAAAGAAGATAGAA	19219	0.128331860756559	No Hit
>>END_MODULE
>>Kmer Content	fail
#Sequence	Count	Obs/Exp Overall	Obs/Exp Max	Max Obs/Exp Position
CACAC	1505905	2.3929284	28.77626	12
GAAGA	1620270	2.1712496	24.19186	6
TTTTT	2560280	2.168651	6.29759	2
AAAAT	2462195	2.0756023	5.3116336	3
TTTTA	2433805	2.0590546	5.1575956	2
CTCGT	1190210	1.9353648	28.19728	44
GGAAG	1105280	1.8685519	29.990612	5
TTTAT	2207240	1.8673754	15.344888	39
GTCAC	1121440	1.8213573	29.009443	29
ACACG	1101690	1.7871393	28.969372	13
CGGCG	690085	1.78165	6.1786084	1
CGACG	868765	1.7779181	5.1339426	1
GTCTG	1062670	1.7640243	29.354053	17
GCACA	1058685	1.7173775	28.971706	11
CGTCT	1046235	1.7012514	28.64568	16
GAGCA	1025875	1.6988709	30.355152	9
CACGT	1046000	1.6988335	28.615294	14
AGAGC	1017250	1.6845877	29.911018	8
TCCAG	1036495	1.6833962	28.831512	25
TCACA	1279205	1.6468304	22.838095	30
TCTCG	1004330	1.633111	28.16135	43
TGAAC	1215490	1.5974491	23.264132	20
ACGTC	973870	1.5816854	28.553709	15
CACAT	1198470	1.5428933	22.313229	31
AGCAC	947420	1.5368856	29.338902	10
CCAGT	941135	1.5285197	27.983711	26
TTCCT	1179005	1.5214744	22.445856	35
CTCCA	940070	1.4955895	27.499327	24
CTGAA	1131405	1.486941	23.198496	19
CGGAA	895515	1.4829918	29.265257	4
GATCG	890240	1.4760231	29.256933	1
CAGTC	907950	1.4746232	27.940275	27
GAACT	1103145	1.4498005	23.035797	21
ACATT	1382035	1.441466	18.178898	32
AAGAG	1071125	1.4353657	23.788198	7
AACTC	1104670	1.4221367	22.501993	22
TCGTA	1067205	1.4042473	22.556837	45
CCTTT	1083440	1.3981503	22.361126	37
TCGGA	842285	1.3965133	29.367071	3
ATCTC	1063385	1.3706273	22.684742	42
CATTC	1053370	1.3577187	22.319529	33
TCTGA	1030530	1.3559898	23.197245	18
ATCGG	812130	1.3465161	29.099909	2
ATTCC	1042960	1.344301	22.194086	34
TCCTT	1026310	1.3244256	22.29964	36
AGTCA	967830	1.2719637	22.698347	28
CGTAT	961445	1.2650864	22.689913	46
TTATC	1176010	1.2280513	18.107862	40
TATGC	932920	1.2275527	22.647263	48
ACTCC	733590	1.1670934	27.347742	23
CCCCA	575865	1.1308273	5.245024	1
GTATG	830955	1.1161952	22.945395	47
TATCT	1042015	1.0881267	18.016043	41
CTTTA	1035280	1.0810937	17.96062	38
>>END_MODULE
