##FastQC	0.10.1
>>Basic Statistics	pass
#Measure	Value	
Filename	C2AFAACXX_Pc1_3d_13s004121-1-1_Hejnol_lane213s004121_sequence.txt.gz	
File type	Conventional base calls	
Encoding	Sanger / Illumina 1.9	
Total Sequences	30566620	
Filtered Sequences	0	
Sequence length	52	
%GC	43	
>>END_MODULE
>>Per base sequence quality	pass
#Base	Mean	Median	Lower Quartile	Upper Quartile	10th Percentile	90th Percentile
1	31.889964281297704	33.0	31.0	34.0	30.0	34.0
2	31.990917608816414	33.0	31.0	34.0	30.0	34.0
3	32.041228209072514	34.0	31.0	34.0	30.0	34.0
4	35.566106196890594	37.0	35.0	37.0	33.0	37.0
5	35.57259883493824	37.0	35.0	37.0	33.0	37.0
6	35.39821282169896	37.0	35.0	37.0	32.0	37.0
7	35.434665003850604	37.0	35.0	37.0	33.0	37.0
8	35.41006876128273	37.0	35.0	37.0	33.0	37.0
9	37.005782255283705	39.0	37.0	39.0	33.0	39.0
10	36.969450825770075	39.0	37.0	39.0	33.0	39.0
11	36.98388716187789	39.0	37.0	39.0	33.0	39.0
12	36.95582933278197	39.0	37.0	39.0	33.0	39.0
13	36.92598161000464	39.0	37.0	39.0	33.0	39.0
14	38.17707047753399	40.0	37.0	41.0	33.0	41.0
15	38.121957514438954	40.0	37.0	41.0	33.0	41.0
16	38.111859341988094	40.0	37.0	41.0	33.0	41.0
17	38.12098884338537	40.0	37.0	41.0	33.0	41.0
18	38.120430914507395	40.0	37.0	41.0	33.0	41.0
19	38.18408188409448	40.0	37.0	41.0	33.0	41.0
20	38.109309305379526	40.0	37.0	41.0	33.0	41.0
21	38.084424970768765	40.0	37.0	41.0	33.0	41.0
22	37.993475398980976	40.0	37.0	41.0	32.0	41.0
23	37.96398218056167	40.0	37.0	41.0	32.0	41.0
24	37.96968120780119	40.0	37.0	41.0	32.0	41.0
25	37.96262759834094	40.0	37.0	41.0	32.0	41.0
26	37.87201754724598	40.0	37.0	41.0	32.0	41.0
27	37.79592980839883	40.0	37.0	41.0	32.0	41.0
28	37.698508700013285	40.0	37.0	41.0	32.0	41.0
29	37.64764838245118	40.0	37.0	41.0	32.0	41.0
30	37.56699072386806	40.0	37.0	41.0	32.0	41.0
31	37.53357351908716	40.0	37.0	41.0	31.0	41.0
32	37.458516348879925	40.0	37.0	41.0	31.0	41.0
33	37.41971876511044	40.0	37.0	41.0	31.0	41.0
34	37.31475230169381	40.0	36.0	41.0	31.0	41.0
35	37.24671144536099	40.0	36.0	41.0	31.0	41.0
36	37.16236348670543	40.0	36.0	41.0	31.0	41.0
37	37.0876896758621	39.0	36.0	41.0	30.0	41.0
38	36.97307477895822	39.0	36.0	41.0	30.0	41.0
39	36.86598393934298	39.0	36.0	41.0	30.0	41.0
40	36.76871145713854	39.0	36.0	41.0	30.0	41.0
41	36.67071203816451	39.0	35.0	41.0	30.0	41.0
42	36.60086636991594	39.0	35.0	41.0	30.0	41.0
43	36.482222044831914	39.0	35.0	41.0	30.0	41.0
44	36.39268293321277	39.0	35.0	41.0	30.0	41.0
45	36.278499683641826	39.0	35.0	40.0	30.0	41.0
46	36.13799445277234	39.0	35.0	40.0	29.0	41.0
47	35.95725487476208	38.0	35.0	40.0	29.0	41.0
48	35.70544783819735	38.0	35.0	40.0	28.0	41.0
49	35.52389125784925	38.0	34.0	40.0	28.0	41.0
50	35.35250266467146	38.0	34.0	40.0	28.0	41.0
51	35.126557270643595	38.0	34.0	40.0	27.0	41.0
52	34.88414698779257	38.0	34.0	40.0	27.0	41.0
>>END_MODULE
>>Per sequence quality scores	pass
#Quality	Count
2	12187.0
3	86.0
4	211.0
5	345.0
6	493.0
7	578.0
8	834.0
9	1046.0
10	1495.0
11	2325.0
12	3829.0
13	6420.0
14	9789.0
15	13546.0
16	17454.0
17	22008.0
18	27113.0
19	32976.0
20	40751.0
21	50567.0
22	63670.0
23	82607.0
24	109398.0
25	148850.0
26	205478.0
27	279975.0
28	378478.0
29	501003.0
30	645012.0
31	809015.0
32	993862.0
33	1219013.0
34	1504711.0
35	1895167.0
36	2449102.0
37	3318370.0
38	5168608.0
39	1.0431804E7
40	118444.0
>>END_MODULE
>>Per base sequence content	fail
#Base	G	A	T	C
1	29.233176895147363	14.553441004651582	19.302709280731793	36.91067281946926
2	22.53904882612798	25.19829877575026	33.36666436876431	18.89598802935744
3	22.153148531109288	26.03352148323646	29.122413061523517	22.690916924130736
4	23.33010650179837	30.870626192886224	21.46290299679847	24.336364308516938
5	26.242615190593643	32.94042894509921	22.595546301260143	18.221409563047004
6	22.203774967631336	36.52573421460079	22.585701514681837	18.684789303086045
7	16.685704863671546	20.18084433280487	42.302593482694526	20.83085732082906
8	19.40796201869883	27.667049873358586	27.402921880142454	25.522066227800128
9	23.23691006725637	22.768935525092402	31.082919864872206	22.91123454277902
10	20.28421725960413	40.980675207625275	22.315495415774667	16.41961211699593
11	26.80240078883436	28.02734813335593	20.567053210332055	24.60319786747766
12	21.782293887907787	23.541667348238047	28.061571740676595	26.614467023177568
13	19.343423537309743	29.6738562886946	30.76305981624195	20.219660357753707
14	20.067923767822545	27.982671947372655	28.846764869651924	23.102639415152872
15	20.61699657992935	30.23899273128661	27.18053222763917	21.96347846114487
16	21.27690271282857	27.84988003253222	26.87388726656725	23.999329988071956
17	24.068359537299184	27.193235627622553	26.691204326811402	22.04720050826686
18	21.472269423312095	26.837654932079502	30.769813607130914	20.92026203747748
19	20.82660104388382	26.654540148698153	28.552872381702656	23.96598642571537
20	20.678246400812387	27.332920682757862	30.7275910781107	21.261241838319055
21	24.243990025570753	27.344472935637082	27.764467844452632	20.647069194339526
22	21.740131134475817	30.777505539729834	26.892853625828018	20.589509699966335
23	20.693287376421907	31.472077548165885	27.210720798775057	20.62391427663715
24	20.334752051293695	28.779126106552244	27.162640851618125	23.723480990535933
25	20.976689622691573	27.666487669301855	29.8510810409206	21.50574166708597
26	20.653785173822815	26.88766643178792	28.79879183904431	23.65975655534496
27	20.619850761230797	26.884575257898717	27.235911792658147	25.25966218821234
28	20.646848617561144	30.752350482862234	27.148927257625115	21.451873641951504
29	24.207054718772955	28.03446434317673	26.977092735496335	20.781388202553984
30	21.566272324643883	27.652707220129365	30.001384189998415	20.779636265228337
31	20.531714205037915	26.890791904659505	28.40877702637957	24.16871686392301
32	20.39026400731859	30.42885882500469	27.27152393668122	21.909353230995503
33	20.147975144127813	28.580458029052608	27.11323659599916	24.158330230820418
34	20.377994034014883	31.48280051899752	26.910171945736888	21.22903350125071
35	20.744687759607903	28.258272308249328	29.9030877859897	21.093952146153068
36	24.014300567089197	27.806074076885178	27.50229825868873	20.6773270973369
37	21.272672536820085	27.64326206187236	30.296124469952602	20.787940931354957
38	20.673617031063465	27.66567977559905	27.688646200877244	23.972056992460242
39	20.413877319795592	30.480736584520997	27.245691816366584	21.859694279316823
40	23.994300705816336	29.156112660515117	26.11040511156756	20.739181522100992
41	21.5167559117675	30.37311445712399	27.470404643403956	20.639724987704554
42	20.626661460093157	32.03384373108222	27.148182676400378	20.19131213242424
43	21.064145423709462	28.88107711718143	29.43767512077394	20.617102338335176
44	21.100245017909735	27.875672508616262	27.837077763030614	23.187004710443386
45	20.86640213263023	27.579595356295368	30.154537697016238	21.39946481405817
46	21.070986339946344	27.073576555250504	27.761046536754158	24.094390568048997
47	24.700837669248056	27.30815750878925	26.87122633433965	21.11977848762304
48	21.612050315275276	28.171920949291092	30.034285466767592	20.181743268666043
49	20.86823823085341	30.779084052129562	27.40130176682376	20.951375950193267
50	21.174432975875657	28.547538630067898	29.996624000519795	20.28140439353665
51	23.940042161024884	28.214460802957	27.315191366134002	20.530305669884115
52	21.88650284164996	27.31293684498815	26.808916586800308	23.99164372656158
>>END_MODULE
>>Per base GC content	fail
#Base	%GC
1	66.14384971461664
2	41.43503685548542
3	44.84406545524002
4	47.6664708103153
5	44.46402475364064
6	40.888564270717374
7	37.51656218450061
8	44.930028246498956
9	46.14814461003539
10	36.703829376600055
11	51.405598656312016
12	48.396760911085366
13	39.56308389506345
14	43.170563182975414
15	42.580475041074216
16	45.27623270090053
17	46.11556004556604
18	42.39253146078958
19	44.79258746959919
20	41.93948823913144
21	44.891059219910275
22	42.32964083444215
23	41.31720165305906
24	44.058233041829624
25	42.48243128977754
26	44.313541729167774
27	45.87951294944313
28	42.09872225951265
29	44.988442921326936
30	42.345908589872224
31	44.700431068960924
32	42.29961723831409
33	44.30630537494823
34	41.607027535265594
35	41.83863990576097
36	44.6916276644261
37	42.06061346817504
38	44.64567402352371
39	42.273571599112415
40	44.73348222791733
41	42.15648089947205
42	40.8179735925174
43	41.681247762044634
44	44.287249728353125
45	42.265866946688405
46	45.165376907995345
47	45.820616156871104
48	41.79379358394132
49	41.81961418104668
50	41.45583736941231
51	44.470347830909
52	45.87814656821154
>>END_MODULE
>>Per sequence GC content	fail
#GC Content	Count
0	485.0
1	373.5
2	262.0
3	293.0
4	324.0
5	724.5
6	1125.0
7	4054.5
8	6984.0
9	32335.5
10	57687.0
11	66004.0
12	74321.0
13	143849.0
14	186450.0
15	159523.0
16	154653.5
17	149784.0
18	170571.0
19	191358.0
20	306394.5
21	421431.0
22	388898.5
23	356366.0
24	427273.5
25	498181.0
26	580265.0
27	662349.0
28	738497.0
29	814645.0
30	874877.0
31	935109.0
32	1053261.5
33	1171414.0
34	1234905.5
35	1298397.0
36	1385987.0
37	1473577.0
38	1525885.0
39	1685047.0
40	1791901.0
41	1936845.5
42	2081790.0
43	2028588.5
44	1975387.0
45	1964366.0
46	1953345.0
47	2025748.0
48	2098151.0
49	2320834.5
50	2543518.0
51	2076150.5
52	1608783.0
53	1532272.5
54	1455762.0
55	1305314.0
56	1154866.0
57	1050587.5
58	946309.0
59	874606.5
60	802904.0
61	716831.0
62	630758.0
63	557053.5
64	420474.0
65	357599.0
66	302344.5
67	247090.0
68	204505.0
69	161920.0
70	130870.5
71	99821.0
72	77936.0
73	56051.0
74	42208.0
75	28365.0
76	20829.0
77	13293.0
78	9752.0
79	6211.0
80	4415.0
81	2619.0
82	1802.5
83	986.0
84	730.0
85	474.0
86	349.5
87	225.0
88	176.5
89	96.0
90	64.0
91	42.5
92	21.0
93	21.5
94	22.0
95	15.0
96	8.0
97	7.0
98	6.0
99	4.0
100	2.0
>>END_MODULE
>>Per base N content	pass
#Base	N-Count
1	0.033876823803220636
2	0.00822138659753679
3	0.0070698035962105076
4	0.0
5	0.009929131843821791
6	0.0026008763808363505
7	0.0
8	0.0
9	0.0
10	0.0016226851382324904
11	0.0
12	0.0
13	0.0011123244899174328
14	0.0
15	0.0
16	0.0
17	0.0
18	0.0
19	0.0
20	0.0
21	1.9302101442684864E-4
22	0.0034351197482744246
23	5.561622449587164E-5
24	1.83206386574636E-4
25	2.028356422790613E-4
26	0.0016161420529976819
27	0.006242103314007241
28	7.884417707944156E-4
29	2.3555106845310342E-4
30	2.29007983218295E-5
31	1.6030558825280648E-4
32	2.6499495200974133E-4
33	0.0
34	0.0
35	2.977103781837835E-4
36	0.0
37	4.5801596643659E-5
38	8.538726231424999E-4
39	8.506010805250957E-5
40	9.1603193287318E-5
41	0.0013838625271619825
42	4.318436254973562E-4
43	7.033816627419059E-4
44	9.258465607253926E-4
45	0.0013773194419271742
46	1.6030558825280648E-4
47	6.87023949654885E-5
48	0.0010338074670997316
49	0.0015376250301799808
50	0.002803712023115412
51	0.0015539827432670017
52	0.016848444479631703
>>END_MODULE
>>Sequence Length Distribution	pass
#Length	Count
52	3.056662E7
>>END_MODULE
>>Sequence Duplication Levels	fail
#Total Duplicate Percentage	71.75194446116213
#Duplication Level	Relative count
1	100.0
2	31.82775215560457
3	16.772358131140965
4	10.597553639462603
5	7.721325446160016
6	5.836424704231001
7	4.803739723280529
8	3.950270703829958
9	3.3098556246240225
10++	65.83241427712052
>>END_MODULE
>>Overrepresented sequences	fail
#Sequence	Count	Percentage	Possible Source
GATCGGAAGAGCACACGTCTGAACTCCAGTCACATGTCAGAATCTCGTATGC	835744	2.7341721132398673	TruSeq Adapter, Index 1 (97% over 35bp)
AGATCGGAAGAGCACACGTCTGAACTCCAGTCACATGTCAGAATCTCGTATG	232708	0.7613141394108999	TruSeq Adapter, Index 1 (97% over 35bp)
CCCCAACAAAAATTAACTTAATCAATATTATTTAACCTAATAAATAGAAACT	51555	0.16866437964027425	No Hit
CTCGTCTTTCATTAATAATTAGGCATCTTCACCTAAAATGTAAATTTAATAT	46161	0.15101767876199593	No Hit
CAAAAATTAACTTAATCAATATTATTTAACCTAATAAATAGAAACTAATAAA	42556	0.13922376762625374	No Hit
TTTAAAACCAAATAAAATTTAAATGTCACCCCAACAAAAATTAACTTAATCA	37313	0.12207106968320344	No Hit
CTAAAATCCTCTCGTACTATTAAGATATATTTATTAATTAAAGAAGATAGAA	31667	0.10359994006533925	No Hit
CAAAAACATGGCTAGCAGAAAATATTTTTAGTCGTGCCTGCCCGGTGAGTAT	30895	0.1010743091647032	No Hit
>>END_MODULE
>>Kmer Content	fail
#Sequence	Count	Obs/Exp Overall	Obs/Exp Max	Max Obs/Exp Position
CACAC	3614235	2.8367004	38.716	12
GAAGA	3820935	2.429231	31.247473	6
GTCAC	2909670	2.3647542	39.76285	29
ACACG	2924215	2.335957	39.06641	13
GTCTG	2704145	2.2757123	41.02253	17
GAGCA	2798150	2.2750185	40.84255	9
CTCGT	2708260	2.2393363	39.06247	44
TCTCG	2656405	2.19646	39.432884	43
CACGT	2679285	2.1775153	39.42813	14
GCACA	2705180	2.160985	39.13102	11
AGAGC	2653645	2.1575296	40.228634	8
TCCAG	2626535	2.134644	39.776833	25
GGAAG	2561445	2.1196172	40.13748	5
CATGT	3265935	2.111649	30.98389	33
ACATG	3318835	2.1091776	31.349411	32
TGAAC	3284190	2.0871603	30.914541	20
CGTCT	2523500	2.0865667	39.823208	16
ACGTC	2559780	2.0803907	39.27795	15
ACAAC	3335520	2.047132	5.5028687	3
GTCAG	2451085	2.0274916	38.962105	36
TCACA	3215635	2.0078712	30.363369	30
TTTTT	4904690	2.0063095	6.021558	2
CAGAA	3202495	2.000457	29.742916	38
CTCCA	2498970	1.9954684	38.163616	24
CAACA	3234255	1.984982	5.1706023	4
ATGTC	3020000	1.9526353	30.842302	34
CAGTC	2385940	1.9391071	38.82925	27
AGCAC	2425040	1.9372	39.290268	10
TGTCA	2977075	1.9248816	30.664186	35
CCAGT	2363520	1.9208859	38.733086	26
CGGAA	2295965	1.8667202	39.36213	4
ATCTC	2920245	1.855133	30.528505	42
CACAT	2936945	1.8338546	29.776773	31
GATCG	2214590	1.8318675	39.991535	1
GAACT	2880670	1.8307159	30.713404	21
CTGAA	2847025	1.809334	30.866285	19
AAAAT	4731005	1.8063124	5.3641706	3
AACTC	2869410	1.7916852	30.076302	22
CGACG	1700770	1.7683749	5.050871	1
AAGAG	2729415	1.7352767	31.146275	7
AAAAA	4582265	1.7196218	5.1311374	2
TCAGA	2666035	1.6943117	29.820753	37
TCTGA	2596585	1.6788689	31.341984	18
ATCGG	1980095	1.6378975	39.65659	2
TCGTA	2502945	1.618324	30.542604	45
TCGGA	1944560	1.6085036	39.740826	3
GTATG	2431015	1.5997801	31.158943	47
AGTCA	2502855	1.590608	30.514061	28
ACTCC	1988995	1.588245	37.918663	23
CGGCG	1170430	1.5839716	5.643432	1
AATCT	3059725	1.5199293	23.931156	41
CGTAT	2267065	1.4658116	30.532253	46
TATGC	2214625	1.4319057	30.632309	48
GAATC	2227620	1.4156914	29.791658	40
CGACA	1700455	1.3583782	5.0965037	1
AGAAT	2580600	1.2824291	23.695114	39
AGATC	1569850	0.9976671	8.570608	1
>>END_MODULE
