##FastQC	0.10.1
>>Basic Statistics	pass
#Measure	Value	
Filename	C2AFAACXX_Pc2_3d_13s004127-1-1_Hejnol_lane213s004127_sequence.txt.gz	
File type	Conventional base calls	
Encoding	Sanger / Illumina 1.9	
Total Sequences	18861835	
Filtered Sequences	0	
Sequence length	52	
%GC	45	
>>END_MODULE
>>Per base sequence quality	pass
#Base	Mean	Median	Lower Quartile	Upper Quartile	10th Percentile	90th Percentile
1	31.86849858457568	31.0	31.0	34.0	30.0	34.0
2	31.962075004897457	33.0	31.0	34.0	30.0	34.0
3	32.01027954067035	34.0	31.0	34.0	30.0	34.0
4	35.5423768684224	37.0	35.0	37.0	33.0	37.0
5	35.54975197270043	37.0	35.0	37.0	33.0	37.0
6	35.37407283013556	37.0	35.0	37.0	32.0	37.0
7	35.40071514781038	37.0	35.0	37.0	33.0	37.0
8	35.378515027832655	37.0	35.0	37.0	32.0	37.0
9	36.97713817345979	39.0	37.0	39.0	33.0	39.0
10	36.92938136718935	39.0	37.0	39.0	33.0	39.0
11	36.95575091182804	39.0	37.0	39.0	33.0	39.0
12	36.93260740537705	39.0	37.0	39.0	33.0	39.0
13	36.89565596348393	39.0	37.0	39.0	32.0	39.0
14	38.12317322254171	40.0	37.0	41.0	33.0	41.0
15	38.07709467292021	40.0	37.0	41.0	33.0	41.0
16	38.077232835511495	40.0	37.0	41.0	33.0	41.0
17	38.08648177656097	40.0	37.0	41.0	33.0	41.0
18	38.07293972193055	40.0	37.0	41.0	33.0	41.0
19	38.134959933643785	40.0	37.0	41.0	33.0	41.0
20	38.06108774676483	40.0	37.0	41.0	33.0	41.0
21	38.02662301944641	40.0	37.0	41.0	32.0	41.0
22	37.942894580511386	40.0	37.0	41.0	32.0	41.0
23	37.93082332657453	40.0	37.0	41.0	32.0	41.0
24	37.91365278086676	40.0	37.0	41.0	32.0	41.0
25	37.893748938000996	40.0	37.0	41.0	32.0	41.0
26	37.76976354633576	40.0	37.0	41.0	32.0	41.0
27	37.676955290935375	40.0	37.0	41.0	32.0	41.0
28	37.575213281210445	40.0	37.0	41.0	32.0	41.0
29	37.50797549655164	40.0	37.0	41.0	31.0	41.0
30	37.430597765275756	40.0	37.0	41.0	31.0	41.0
31	37.397641904936606	40.0	37.0	41.0	31.0	41.0
32	37.307525275244956	40.0	36.0	41.0	31.0	41.0
33	37.273263285359036	40.0	36.0	41.0	31.0	41.0
34	37.19234109512675	39.0	36.0	41.0	31.0	41.0
35	37.10347179900577	39.0	36.0	41.0	30.0	41.0
36	36.893896749706485	39.0	36.0	41.0	30.0	41.0
37	36.87248319158767	39.0	36.0	41.0	30.0	41.0
38	36.81207708581906	39.0	36.0	41.0	30.0	41.0
39	36.68203878360722	39.0	35.0	41.0	30.0	41.0
40	36.47686394245311	39.0	35.0	41.0	30.0	41.0
41	36.40826632191406	39.0	35.0	41.0	30.0	41.0
42	36.343832930359106	39.0	35.0	41.0	30.0	41.0
43	36.21735488620275	39.0	35.0	40.0	30.0	41.0
44	36.12010310767749	39.0	35.0	40.0	29.0	41.0
45	35.99790720256009	38.0	35.0	40.0	29.0	41.0
46	35.85559506803023	38.0	35.0	40.0	29.0	41.0
47	35.66782118494834	38.0	34.0	40.0	28.0	41.0
48	35.395997897341374	38.0	34.0	40.0	27.0	41.0
49	35.19966588616643	38.0	34.0	40.0	27.0	41.0
50	35.02816555229118	38.0	34.0	40.0	27.0	41.0
51	34.79360078168428	38.0	34.0	40.0	27.0	41.0
52	34.54615041431547	38.0	33.0	40.0	26.0	41.0
>>END_MODULE
>>Per sequence quality scores	pass
#Quality	Count
2	5431.0
3	42.0
4	113.0
5	164.0
6	269.0
7	342.0
8	484.0
9	691.0
10	1108.0
11	1700.0
12	2861.0
13	4813.0
14	7439.0
15	10126.0
16	12859.0
17	15918.0
18	19829.0
19	23871.0
20	29168.0
21	36097.0
22	44992.0
23	57178.0
24	75010.0
25	100164.0
26	136182.0
27	184139.0
28	245931.0
29	322926.0
30	411981.0
31	515565.0
32	633110.0
33	775003.0
34	957415.0
35	1203834.0
36	1556834.0
37	2095462.0
38	3187133.0
39	6123203.0
40	62448.0
>>END_MODULE
>>Per base sequence content	fail
#Base	G	A	T	C
1	30.048414956307003	13.904605315669343	18.95508465232255	37.0918950757011
2	23.336071184918872	24.96561690710221	31.874737643175845	19.823574264803074
3	23.095153640800508	25.337437137305113	28.35235981983558	23.215049402058792
4	24.201940055143098	29.826657904705456	20.53757229877157	25.43382974137988
5	27.216934274833342	31.970212049591794	22.024133117885896	18.78872055768897
6	23.056989736564653	35.813759859725664	21.94595438305875	19.183296020650932
7	17.259142601979075	20.279840217030845	41.31646258171593	21.144554599274144
8	19.989751792442252	27.80921898638176	26.402272101309336	25.79875711986665
9	23.77376326322439	22.278982930345855	30.577687695815385	23.36956611061437
10	20.7045252546931	40.38882011867121	21.917205629831397	16.98944899680429
11	27.453951325520553	27.128468677623356	20.14521386704952	25.272366129806567
12	22.286749937108453	23.090415116026623	27.240509738315495	27.382325208549435
13	20.034211187919453	29.586532812106842	29.760069974730758	20.619186025242943
14	20.529890119386582	27.43634964466607	28.054226961480683	23.979533274466668
15	21.04199299803015	29.815471294282876	26.60571466137839	22.536821046308592
16	21.88063356507996	27.09358341858043	26.33860915441154	24.68717386192807
17	25.073721618283695	26.42192024264871	26.26463968113389	22.239718457933705
18	22.057997008244428	26.13748344209352	30.323359312601344	21.48116023706071
19	21.263217497131112	26.19346951131743	27.80694455231954	24.73636843923192
20	21.126815073931034	26.805631583565436	30.18896093619735	21.878592406306176
21	25.003112108871008	26.661161008531103	27.10379089851832	21.231935984079577
22	22.217302659082492	30.41474285444647	26.253942947971776	21.114011538499263
23	21.22736830274067	31.18539462257619	26.38086356459769	21.206373510085452
24	20.999103425544266	27.906899191068334	26.42032774088102	24.673669642506376
25	21.622284623494213	26.891088573489423	29.34269511464842	22.14393168836794
26	21.246935229256383	26.23639392891084	27.83796644226806	24.678704399564722
27	21.32033649666725	26.189951036791225	26.450996601821398	26.03871586472013
28	21.53638749280486	30.194287499310107	26.24720683786132	22.02211817002371
29	25.179808056291613	27.189438112415687	26.1758752355292	21.454878595763496
30	22.205142459938536	26.909532474289744	29.696854955052345	21.18847011071938
31	21.212811078476072	26.35987021387142	27.472250792607277	24.955067915045223
32	20.935317280563797	30.005643154160538	26.62742755301299	22.431612012262676
33	20.67876746880672	27.91293636064572	26.46576009174081	24.942536078806754
34	20.869130707590223	27.515785182088592	26.129408936087078	25.485675174234107
35	24.723732330670806	26.616597161031464	26.036365602822215	22.623304905475518
36	22.092601276599016	27.29697826324957	29.40385704784291	21.206563412308505
37	20.913010128180577	30.550792849982518	27.342731574055286	21.193465447781627
38	21.220871204244883	27.804750185853187	25.942931222073646	25.031447387828283
39	24.525517786614913	26.823291321136278	26.2189542220307	22.43223667021811
40	22.250460917753188	27.504051172142674	28.946838389180265	21.298649520923878
41	21.005415874845745	30.201714723065738	27.553772248656898	21.23909715343162
42	21.177441928253334	31.728788319474425	26.46380607020959	20.629963682062655
43	21.491864861562018	28.136866808629872	29.292780951022696	21.078487378785415
44	21.490255545498112	27.273174548717925	27.129427853372963	24.107142052411
45	21.4826068743727	26.96324021113629	29.877150676977372	21.67700223751364
46	21.524603741550518	26.53986049904235	27.110007387415607	24.825528371991528
47	25.569239751150256	26.734826918117783	26.02893548365206	21.666997847079898
48	22.06736569828557	27.470799560822385	29.66542582218693	20.796408918705115
49	21.357403190322064	30.345484971962	26.638842504091926	21.658269333624013
50	21.770890913800894	27.64426031183664	29.67077642531904	20.914072349043433
51	24.90429335500282	27.424999110624192	26.544095570547967	21.126611963825017
52	22.42818165611464	26.5138036066474	25.953646029916715	25.104368707321246
>>END_MODULE
>>Per base GC content	fail
#Base	%GC
1	67.1403100320081
2	43.15964544972194
3	46.3102030428593
4	49.63576979652298
5	46.00565483252231
6	42.24028575721558
7	38.403697201253216
8	45.7885089123089
9	47.14332937383876
10	37.69397425149739
11	52.72631745532712
12	49.669075145657885
13	40.6533972131624
14	44.50942339385325
15	43.57881404433874
16	46.56780742700803
17	47.3134400762174
18	43.53915724530514
19	45.99958593636303
20	43.00540748023721
21	46.23504809295058
22	43.331314197581754
23	42.43374181282612
24	45.672773068050645
25	43.76621631186215
26	45.92563962882111
27	47.35905236138738
28	43.558505662828566
29	46.63468665205511
30	43.393612570657915
31	46.1678789935213
32	43.36692929282647
33	45.62130354761347
34	46.354805881824326
35	47.34703723614632
36	43.299164688907524
37	42.10647557596221
38	46.25231859207317
39	46.957754456833015
40	43.54911043867706
41	42.24451302827737
42	41.80740561031598
43	42.57035224034744
44	45.597397597909115
45	43.15960911188634
46	46.350132113542045
47	47.23623759823016
48	42.86377461699068
49	43.01567252394608
50	42.68496326284433
51	46.03090531882784
52	47.53255036343589
>>END_MODULE
>>Per sequence GC content	fail
#GC Content	Count
0	174.0
1	139.5
2	105.0
3	157.5
4	210.0
5	632.5
6	1055.0
7	2136.5
8	3218.0
9	13526.0
10	23834.0
11	24575.0
12	25316.0
13	50555.0
14	89425.5
15	103057.0
16	90177.0
17	77297.0
18	86340.5
19	95384.0
20	145563.5
21	195743.0
22	184042.5
23	172342.0
24	217023.0
25	261704.0
26	303543.0
27	345382.0
28	401739.5
29	458097.0
30	501950.5
31	545804.0
32	609753.5
33	673703.0
34	734488.0
35	795273.0
36	834286.0
37	873299.0
38	900547.5
39	986833.0
40	1045870.0
41	1130818.0
42	1215766.0
43	1203037.5
44	1190309.0
45	1189579.5
46	1188850.0
47	1158118.5
48	1127387.0
49	1172444.0
50	1217501.0
51	1427084.5
52	1636668.0
53	1318695.5
54	1000723.0
55	873953.5
56	747184.0
57	682520.0
58	617856.0
59	575724.5
60	533593.0
61	482594.0
62	431595.0
63	391065.0
64	311469.5
65	272404.0
66	237339.0
67	202274.0
68	174627.5
69	146981.0
70	125832.0
71	104683.0
72	87606.5
73	70530.0
74	58531.5
75	46533.0
76	36972.0
77	27411.0
78	22040.0
79	16669.0
80	12664.0
81	8659.0
82	6383.5
83	4108.0
84	2990.5
85	1873.0
86	1341.5
87	810.0
88	550.5
89	198.5
90	106.0
91	75.0
92	44.0
93	33.5
94	23.0
95	16.5
96	10.0
97	5.0
98	0.0
99	1.0
100	2.0
>>END_MODULE
>>Per base N content	pass
#Base	N-Count
1	0.033390176512518535
2	0.008207048783959779
3	0.006812698764462737
4	0.0
5	0.009861182647393532
6	0.0026985709502813484
7	0.0
8	0.0
9	0.0
10	0.0016488321523330047
11	0.0
12	0.0
13	8.959891760266167E-4
14	0.0
15	0.0
16	0.0
17	0.0
18	0.0
19	0.0
20	0.0
21	1.431461997202287E-4
22	0.003340077993472003
23	7.952566651123816E-5
24	2.332752884329653E-4
25	2.1206844402996846E-4
26	0.0016435304412322556
27	0.006059855788156349
28	7.846532429108833E-4
29	2.915941105412066E-4
30	3.181026660449527E-5
31	1.855598885262224E-4
32	2.279735773322161E-4
33	0.0
34	0.0
35	2.915941105412066E-4
36	0.0
37	3.711197770524448E-5
38	9.171960204296136E-4
39	5.8318822108241325E-5
40	5.3017111007492116E-5
41	0.0013095226418850553
42	4.2943859916068616E-4
43	7.422395541048896E-4
44	9.755148425378549E-4
45	0.001452668841605284
46	1.5374962192172712E-4
47	5.8318822108241325E-5
48	0.001155773019963328
49	0.0015427979303180206
50	0.0029106393943113167
51	0.00154809964141877
52	0.017034397766707215
>>END_MODULE
>>Sequence Length Distribution	pass
#Length	Count
52	1.8861835E7
>>END_MODULE
>>Sequence Duplication Levels	fail
#Total Duplicate Percentage	65.10365451686204
#Duplication Level	Relative count
1	100.0
2	29.39748609542706
3	14.58951167773052
4	8.758561734193112
5	6.088461579052906
6	4.584551412620181
7	3.592498390552278
8	2.923390288434139
9	2.3893702574060978
10++	38.751279642860915
>>END_MODULE
>>Overrepresented sequences	fail
#Sequence	Count	Percentage	Possible Source
GATCGGAAGAGCACACGTCTGAACTCCAGTCACCGTACGTAATCTCGTATGC	594297	3.150791002041954	TruSeq Adapter, Index 12 (97% over 36bp)
AGATCGGAAGAGCACACGTCTGAACTCCAGTCACCGTACGTAATCTCGTATG	143759	0.7621686861326059	TruSeq Adapter, Index 12 (97% over 36bp)
CCCCAACAAAAATTAACTTAATCAATATTATTTAACCTAATAAATAGAAACT	24618	0.13051752387824408	No Hit
CTCGTCTTTCATTAATAATTAGGCATCTTCACCTAAAATGTAAATTTAATAT	19765	0.10478831990630817	No Hit
CAAAAATTAACTTAATCAATATTATTTAACCTAATAAATAGAAACTAACAAA	19235	0.10197841302291108	No Hit
>>END_MODULE
>>Kmer Content	fail
#Sequence	Count	Obs/Exp Overall	Obs/Exp Max	Max Obs/Exp Position
CACAC	2306330	2.7978842	41.08955	12
GAAGA	2372265	2.477501	35.05046	6
CACCG	1647645	2.4694324	48.936554	31
GTCAC	1903745	2.4011645	41.998512	29
ACACG	1881740	2.330185	41.413177	13
TCACC	1880755	2.323929	40.603806	30
GAGCA	1828630	2.3114216	43.462914	9
GTCTG	1745475	2.2889256	43.83838	17
AGAGC	1776180	2.2451236	42.949596	8
AACAA	2677870	2.2176468	5.2403	5
TCTCG	1714270	2.2022915	42.194305	43
GCACA	1772540	2.1949613	41.614967	11
ACAAC	2189485	2.1945605	5.5727634	3
CTCGT	1703680	2.1886866	41.871265	44
TCCAG	1730320	2.1824265	42.056213	25
GGAAG	1669085	2.1535468	42.808144	5
CACGT	1702645	2.1475203	41.936485	14
ACGTC	1685845	2.1263306	41.90077	15
CAACA	2120095	2.1250098	5.2767367	4
TGAAC	1988495	2.0722158	34.608658	20
CGTCT	1590125	2.0428045	42.452656	16
AGCAC	1638200	2.0286062	41.859303	10
CGTAC	1604175	2.0233216	40.447773	34
CGGAA	1595470	2.0167031	42.11178	4
TTTTT	2686540	2.015141	5.677846	2
CTCCA	1609255	1.988454	40.55839	24
ATCTC	1898315	1.9739615	34.327423	42
CAGTC	1531950	1.9322252	41.214798	27
GTACG	1477270	1.9019345	41.35998	35
CCAGT	1493195	1.8833442	41.14747	26
ACCGT	1484140	1.8719232	40.767727	32
GATCG	1449560	1.8662589	42.519047	1
CTGAA	1767980	1.8424166	34.574352	19
AAAAT	2631810	1.8341597	5.4402227	3
GAACT	1753170	1.8269831	34.443714	21
AAGAG	1743590	1.8209373	34.974396	7
CGACG	1188335	1.8180044	5.044243	1
GTAAT	2048110	1.7961535	28.829437	39
AAAAA	2597150	1.7770401	5.164197	2
AACTC	1733260	1.7695045	33.676216	22
TCTGA	1644285	1.7452996	35.127785	18
TACGT	1614710	1.7139076	33.907	36
TCGTA	1590775	1.6885022	34.485485	45
TAATC	1965215	1.6884094	28.090137	40
ACGTA	1619540	1.687727	33.68386	37
ATCGG	1309560	1.6860138	42.262634	2
GTATG	1548875	1.6781535	35.29214	47
AGTCA	1596465	1.6636803	34.210316	28
AATCT	1933980	1.6615738	28.41743	41
TCGGA	1285185	1.6546317	42.407772	3
CGGCG	867660	1.6399508	5.1499147	1
ACTCC	1301155	1.6077542	40.365616	23
CCGTA	1247365	1.5732825	40.392612	33
CGTAT	1465470	1.5554993	34.489765	46
TATGC	1401780	1.4878967	34.579285	48
CCGCG	794220	1.4706167	5.5596237	1
CGTAA	1348465	1.405239	33.492455	38
AGATC	917090	0.9557018	8.471209	1
>>END_MODULE
