##FastQC	0.10.1
>>Basic Statistics	pass
#Measure	Value	
Filename	C2AFAACXX_Pc1_9d_13s004124-1-1_Hejnol_lane213s004124_sequence.txt.gz	
File type	Conventional base calls	
Encoding	Sanger / Illumina 1.9	
Total Sequences	17617125	
Filtered Sequences	0	
Sequence length	52	
%GC	47	
>>END_MODULE
>>Per base sequence quality	pass
#Base	Mean	Median	Lower Quartile	Upper Quartile	10th Percentile	90th Percentile
1	31.88146527881252	31.0	31.0	34.0	30.0	34.0
2	31.9618644358827	33.0	31.0	34.0	30.0	34.0
3	32.02055925697297	34.0	31.0	34.0	30.0	34.0
4	35.54928043026317	37.0	35.0	37.0	33.0	37.0
5	35.55490053002406	37.0	35.0	37.0	33.0	37.0
6	35.38145605483301	37.0	35.0	37.0	32.0	37.0
7	35.414732085967486	37.0	35.0	37.0	33.0	37.0
8	35.38465935843675	37.0	35.0	37.0	32.0	37.0
9	36.98277153621831	39.0	37.0	39.0	33.0	39.0
10	36.95995209206951	39.0	37.0	39.0	33.0	39.0
11	36.97835634361452	39.0	37.0	39.0	33.0	39.0
12	36.948904148662166	39.0	37.0	39.0	33.0	39.0
13	36.89656535899019	39.0	37.0	39.0	32.0	39.0
14	38.11484904602766	40.0	37.0	41.0	33.0	41.0
15	38.06368933637015	40.0	37.0	41.0	33.0	41.0
16	38.0501611925896	40.0	37.0	41.0	33.0	41.0
17	38.056621724600355	40.0	37.0	41.0	33.0	41.0
18	38.07625591576378	40.0	37.0	41.0	33.0	41.0
19	38.11906993905078	40.0	37.0	41.0	33.0	41.0
20	38.02410603319213	40.0	37.0	41.0	32.0	41.0
21	37.98598891703385	40.0	37.0	41.0	32.0	41.0
22	37.911109956931114	40.0	37.0	41.0	32.0	41.0
23	37.87048533742026	40.0	37.0	41.0	32.0	41.0
24	37.8484696566551	40.0	37.0	41.0	32.0	41.0
25	37.828854764894956	40.0	37.0	41.0	32.0	41.0
26	37.70958933424154	40.0	37.0	41.0	32.0	41.0
27	37.60980176958499	40.0	37.0	41.0	32.0	41.0
28	37.520983701937745	40.0	37.0	41.0	31.0	41.0
29	37.44568952084974	40.0	37.0	41.0	31.0	41.0
30	37.37119870580472	40.0	37.0	41.0	31.0	41.0
31	37.318007790715	40.0	36.0	41.0	31.0	41.0
32	37.25720394218693	40.0	36.0	41.0	31.0	41.0
33	37.18328819259669	39.0	36.0	41.0	31.0	41.0
34	37.05589305860065	39.0	36.0	41.0	30.0	41.0
35	36.91375590512073	39.0	36.0	41.0	30.0	41.0
36	36.836947629082495	39.0	36.0	41.0	30.0	41.0
37	36.79792758466549	39.0	36.0	41.0	30.0	41.0
38	36.68994969383483	39.0	35.0	41.0	30.0	41.0
39	36.5445211406515	39.0	35.0	41.0	30.0	41.0
40	36.36007515414689	39.0	35.0	41.0	30.0	41.0
41	36.22519979849152	39.0	35.0	40.0	29.0	41.0
42	36.08040278989903	38.0	35.0	40.0	29.0	41.0
43	35.92280011636405	38.0	35.0	40.0	29.0	41.0
44	35.815471366638995	38.0	35.0	40.0	28.0	41.0
45	35.67145144284326	38.0	34.0	40.0	28.0	41.0
46	35.513454096511204	38.0	34.0	40.0	28.0	41.0
47	35.32620981005697	38.0	34.0	40.0	27.0	41.0
48	35.10613956590533	38.0	34.0	40.0	27.0	41.0
49	34.877713928918595	38.0	34.0	40.0	27.0	41.0
50	34.64922863407054	38.0	33.0	40.0	26.0	41.0
51	34.38323438131931	37.0	33.0	40.0	26.0	41.0
52	34.089762943726626	37.0	33.0	40.0	25.0	41.0
>>END_MODULE
>>Per sequence quality scores	pass
#Quality	Count
2	4326.0
3	60.0
4	124.0
5	146.0
6	222.0
7	323.0
8	476.0
9	708.0
10	1117.0
11	1734.0
12	3044.0
13	5054.0
14	8001.0
15	11067.0
16	13994.0
17	17044.0
18	21299.0
19	25503.0
20	31164.0
21	38652.0
22	46996.0
23	59084.0
24	75143.0
25	99142.0
26	133119.0
27	178690.0
28	237430.0
29	309698.0
30	392924.0
31	489072.0
32	598754.0
33	730406.0
34	905141.0
35	1140965.0
36	1487907.0
37	2031671.0
38	3068263.0
39	5401847.0
40	46815.0
>>END_MODULE
>>Per base sequence content	fail
#Base	G	A	T	C
1	30.81407296202675	13.12410919416386	16.505056083468887	39.5567617603405
2	23.828016498679332	22.54547403218933	32.55639439629835	21.070115072832987
3	24.83239478043448	24.66634638871854	25.08742503739083	25.41383379345615
4	25.894815413979295	31.016610258484288	19.328715667283962	23.759858660252455
5	26.63939661026417	32.115719789497994	21.786130033617148	19.458753566620686
6	21.900011852425045	35.483651600463375	22.495811916092094	20.120524631019478
7	18.03630274519821	17.824826695615773	41.579003384490946	22.559867174695075
8	21.06197237063369	23.705048354938732	26.984964913401022	28.24801436102656
9	23.498845583487658	21.15899160617865	30.27237418137182	25.069788628961874
10	22.287950326650318	37.905724468010774	21.393715596504734	18.41260960883418
11	27.08776261733966	25.774211172367796	19.49329984319235	27.64472636710019
12	23.162298048064027	21.997425800180224	27.19615147193427	27.64412467982148
13	21.67234832315827	26.561237010221078	29.395607452105153	22.37080721451549
14	22.25356861576449	26.14147314048121	27.815628259435066	23.789329984319235
15	22.75879293585077	27.424469089025592	26.182387875433704	23.634350099689932
16	23.230612259378304	26.203350433172268	25.99708522247529	24.56895208497414
17	24.423769485656713	26.300948650815613	25.650683638788962	23.624598224738712
18	23.087972640257703	26.05371194221532	27.903832208717372	22.95448320880961
19	23.020759630189374	25.88388854594606	26.468268800953616	24.627083022910945
20	22.865206439756772	26.265227725863326	27.748176844973287	23.121388989406615
21	24.429214918804718	26.177550839113938	26.581062314757343	22.812171927324
22	23.34910923175301	27.674267385725965	25.81432727832119	23.162296104199832
23	23.20666710790428	28.05842091956719	25.701950955190505	23.032961017338028
24	22.721847724629114	27.39074752666219	25.74713840270047	24.140266346008225
25	23.399393622862437	26.36954379920542	26.958278975601473	23.27278360233067
26	22.990018992035925	26.330955270230366	26.714360756044016	23.964664981689697
27	23.062954153223888	26.15358878330448	26.148962314201853	24.634494749269784
28	22.843561322010473	27.765981082121538	26.059554114421164	23.33090348144683
29	24.51845134039622	26.65933551822219	25.847310451847633	22.97490268953396
30	23.141144279298853	26.435491849828985	27.550140871533163	22.873222999338996
31	22.668810417151516	25.962797509238182	26.82305827860431	24.545333795005988
32	23.000406877778413	27.805407523742293	26.013255088072462	23.18093051040683
33	22.75188488473573	26.807523929131456	25.946055329686313	24.494535856446497
34	24.249944301354507	26.634731830534207	26.002244974705008	23.113078893406275
35	23.375275067194814	26.594734115382142	27.027348889505337	23.002641927917708
36	24.268908803224136	26.79383270539319	25.928640456374126	23.00861803500855
37	23.056262664528898	27.880343425071004	26.04309058950505	23.020303320895053
38	23.03147087702743	28.008531084715628	26.014557768281133	22.945440269975805
39	22.89643988145615	27.854262134935865	26.18518020265526	23.064117780952724
40	23.01560942831199	27.193457223883893	25.325085971824322	24.465847375979795
41	24.26706124259858	26.285942216355124	26.204724693714347	23.242271847331946
42	23.316189702264364	27.879181505994367	26.105966281051334	22.698662510689935
43	23.37347979190096	26.615383235598166	27.215735304702342	22.79540166779853
44	23.25360980988453	26.327086026647674	26.258396400052792	24.16090776341501
45	23.139956565538508	26.15328690023385	27.388397280404874	23.318359253822766
46	23.20632358369559	26.174610246556483	26.215922383134703	24.40314378661322
47	24.993263656046448	26.146999143957846	25.680067057487193	23.179670142508513
48	23.28583053753753	26.6637293403254	27.200281456562685	22.850158665574384
49	23.11809047878918	27.834942231892786	26.05334313003475	22.993624159283286
50	23.128954400810553	26.62272025481411	27.406594243715602	22.841731100659736
51	24.39225971455231	26.81605157072066	25.857251860125928	22.9344368546011
52	23.585087332746458	26.29460581808033	25.750639004171994	24.36966784500122
>>END_MODULE
>>Per base GC content	fail
#Base	%GC
1	70.37083472236725
2	44.898131571512316
3	50.246228573890626
4	49.65467407423175
5	46.09815017688486
6	42.02053648344452
7	40.596169919893285
8	49.309986731660246
9	48.56863421244954
10	40.7005599354845
11	54.732488984439854
12	50.80642272788551
13	44.04315553767377
14	46.042898600083724
15	46.3931430355407
16	47.79956434435244
17	48.048367710395425
18	46.042455849067316
19	47.64784265310032
20	45.98659542916339
21	47.24138684612872
22	46.511405335952844
23	46.239628125242305
24	46.86211407063735
25	46.67217722519311
26	46.95468397372562
27	47.69744890249367
28	46.1744648034573
29	47.49335402993018
30	46.01436727863785
31	47.21414421215751
32	46.18133738818524
33	47.246420741182234
34	47.36302319476078
35	46.37791699511252
36	47.27752683823269
37	46.07656598542395
38	45.97691114700324
39	45.960557662408874
40	47.48145680429178
41	47.50933308993053
42	46.0148522129543
43	46.168881459699485
44	47.41451757329954
45	46.458315819361275
46	47.60946737030881
47	48.172933798554965
48	46.13598920311192
49	46.11171463807247
50	45.970685501470285
51	47.32669656915341
52	47.95475517774768
>>END_MODULE
>>Per sequence GC content	warn
#GC Content	Count
0	146.0
1	141.5
2	137.0
3	159.0
4	181.0
5	345.0
6	509.0
7	1413.5
8	2318.0
9	9347.5
10	16377.0
11	19968.0
12	23559.0
13	45169.0
14	57181.0
15	47583.0
16	50318.0
17	53053.0
18	62389.0
19	71725.0
20	109112.0
21	146499.0
22	145083.5
23	143668.0
24	174519.0
25	205370.0
26	237570.5
27	269771.0
28	303201.5
29	336632.0
30	362398.5
31	388165.0
32	444831.5
33	501498.0
34	536269.5
35	571041.0
36	628837.0
37	686633.0
38	723674.0
39	817648.0
40	874581.0
41	933412.5
42	992244.0
43	988070.0
44	983896.0
45	1030082.5
46	1076269.0
47	1100466.0
48	1124663.0
49	1154069.0
50	1183475.0
51	1262898.0
52	1342321.0
53	1198129.0
54	1053937.0
55	1026088.5
56	998240.0
57	921729.0
58	845218.0
59	802996.5
60	760775.0
61	657133.5
62	553492.0
63	504587.5
64	404382.5
65	353082.0
66	296582.5
67	240083.0
68	203432.0
69	166781.0
70	146446.0
71	126111.0
72	103360.5
73	80610.0
74	67931.5
75	55253.0
76	40629.5
77	26006.0
78	21345.0
79	16684.0
80	12636.5
81	8589.0
82	6123.5
83	3658.0
84	2713.0
85	1768.0
86	1276.5
87	785.0
88	559.5
89	232.5
90	131.0
91	91.5
92	52.0
93	42.5
94	33.0
95	20.5
96	8.0
97	5.0
98	2.0
99	2.0
100	2.0
>>END_MODULE
>>Per base N content	pass
#Base	N-Count
1	0.033853423870239895
2	0.008014928656066185
3	0.006675323016667021
4	0.0
5	0.009712140885643941
6	0.002707592754209328
7	0.0
8	0.0
9	0.0
10	0.0015553048525227583
11	0.0
12	0.0
13	0.00111823013119337
14	0.0
15	0.0
16	0.0
17	0.0
18	0.0
19	0.0
20	0.0
21	1.7028885246599544E-4
22	0.0033490140984979103
23	6.243924590419832E-5
24	2.3272809837019377E-4
25	2.0434662295919454E-4
26	0.0015155707869473594
27	0.006238248295337633
28	7.890050164257789E-4
29	3.292251147675912E-4
30	5.6762950821998484E-5
31	1.419073770549962E-4
32	2.3272809837019377E-4
33	0.0
34	0.0
35	3.7463547542519E-4
36	0.0
37	3.9734065575398934E-5
38	7.890050164257789E-4
39	8.514442623299772E-5
40	9.082072131519757E-5
41	0.0013452819344813639
42	4.938376721513867E-4
43	7.322420656037804E-4
44	0.0011352590164399696
45	0.0013509582295635639
46	1.4758367213719607E-4
47	1.1352590164399696E-5
48	0.00111823013119337
49	0.0017653277705641528
50	0.0029403208525795215
51	0.0017426225902353533
52	0.017023208951517342
>>END_MODULE
>>Sequence Length Distribution	pass
#Length	Count
52	1.7617125E7
>>END_MODULE
>>Sequence Duplication Levels	fail
#Total Duplicate Percentage	65.51617905653323
#Duplication Level	Relative count
1	100.0
2	24.54402184278415
3	11.255658947410687
4	6.883086899348531
5	4.840344907198282
6	3.619718734001867
7	2.8257094387729493
8	2.489434958492687
9	2.1039740616938194
10++	42.19893395970729
>>END_MODULE
>>Overrepresented sequences	fail
#Sequence	Count	Percentage	Possible Source
GATCGGAAGAGCACACGTCTGAACTCCAGTCACGTGAAACGATCTCGTATGC	218922	1.2426658719853552	TruSeq Adapter, Index 1 (97% over 35bp)
AGATCGGAAGAGCACACGTCTGAACTCCAGTCACGTGAAACGATCTCGTATG	49054	0.2784449789622313	TruSeq Adapter, Index 1 (97% over 35bp)
>>END_MODULE
>>Kmer Content	fail
#Sequence	Count	Obs/Exp Overall	Obs/Exp Max	Max Obs/Exp Position
GAAGA	1783145	2.0518832	15.426422	6
TTTTT	2110095	2.0134125	6.1097803	2
CACAC	1583885	1.981331	17.05946	12
AAAAT	2118640	1.9345937	5.5417814	3
CACGT	1473120	1.8866509	16.859072	14
AAAAA	1995260	1.8020114	5.196978	2
CTCGT	1295915	1.6780485	16.902079	44
GTGAA	1429395	1.6630019	15.055101	34
GGAAG	1231350	1.5993792	16.939512	5
TGAAA	1525980	1.572843	13.420782	35
GTCTG	1195640	1.5677394	17.290754	17
TGAAC	1361305	1.5640491	15.379056	20
GAAAC	1342420	1.5254881	14.676576	36
GTCAC	1168545	1.4965763	17.276562	29
AGAGC	1159690	1.4875319	17.727337	8
GAGCA	1156095	1.4829208	18.516212	9
GCACA	1168885	1.4806441	17.038198	11
ACACG	1167750	1.4792061	16.882853	13
AAGAG	1269865	1.4612466	15.213649	7
TCTCG	1112175	1.4401278	16.869064	43
CTGAA	1241455	1.4263494	15.175535	19
GAACT	1232680	1.4162675	15.085428	21
ACGTC	1105325	1.4156094	16.951893	15
CGTCT	1092335	1.4144378	17.082108	16
TCCAG	1103095	1.4127535	17.039333	25
CTCCA	1116035	1.4115157	16.443666	24
ACGTG	1069650	1.387205	16.802973	32
CCAGT	1076905	1.3792113	16.504807	26
GATCG	1061625	1.3767976	16.79284	1
TCTGA	1172250	1.361726	15.247102	18
TCACG	1061645	1.3596677	16.665192	30
AGCAC	1069315	1.3545173	17.54798	10
AACTC	1191590	1.3519988	14.814007	22
AGTCA	1168265	1.342259	15.054424	28
CGGAA	1042285	1.3369368	16.721357	4
CGATC	1031030	1.3204585	16.011597	40
AACGA	1159665	1.3178107	14.672377	38
CGTGA	1001720	1.299108	16.501669	33
CAGTC	1013830	1.2984301	16.500107	27
ATCTC	1122105	1.287234	15.115111	42
ACGAT	1092015	1.2546527	14.506497	39
TCGTA	1070805	1.2438841	14.862934	45
AAACG	1094385	1.2436283	14.711589	37
TCGGA	946310	1.2272481	16.859032	3
GATCT	1035690	1.2030933	14.781642	41
CGTAT	977780	1.135823	14.875598	46
ATCGG	856875	1.1112617	16.691366	2
ACTCC	848335	1.0729396	16.23907	23
TATGC	862980	1.0024674	14.807928	48
GTATG	827960	0.97392243	14.947021	47
>>END_MODULE
